0.000000    0.894911
1.000000    0.898612
2.000000    0.899273
3.000000    0.901124
4.000000    0.902313
5.000000    0.902842
6.000000    0.907204
7.000000    0.916590
8.000000    0.917515
684.000000    0.999207
11.000000    0.917647
12.000000    0.917779
13.000000    0.922670
14.000000    0.926504
15.000000    0.926636
17.000000    0.926900
18.000000    0.927032
19.000000    0.927297
20.000000    0.933906
21.000000    0.934303
22.000000    0.934567
23.000000    0.934699
24.000000    0.934964
25.000000    0.935228
26.000000    0.936814
27.000000    0.940780
30.000000    0.940912
31.000000    0.941044
33.000000    0.944349
34.000000    0.945539
35.000000    0.945671
38.000000    0.945935
39.000000    0.946200
40.000000    0.949108
46.000000    0.950033
47.000000    0.951619
48.000000    0.951884
52.000000    0.952412
53.000000    0.953073
54.000000    0.954263
55.000000    0.954527
56.000000    0.954792
57.000000    0.955321
58.000000    0.955453
59.000000    0.956246
60.000000    0.961137
61.000000    0.961401
66.000000    0.961666
67.000000    0.963252
70.000000    0.963648
71.000000    0.963781
73.000000    0.965235
74.000000    0.965896
75.000000    0.966028
76.000000    0.966292
78.000000    0.966424
79.000000    0.966821
80.000000    0.968539
81.000000    0.968804
526.000000    0.998149
86.000000    0.969200
87.000000    0.970258
90.000000    0.970390
91.000000    0.970522
93.000000    0.971447
94.000000    0.971976
97.000000    0.972108
100.000000    0.973430
613.000000    0.998810
1126.000000    0.999736
106.000000    0.973562
107.000000    0.974752
112.000000    0.975017
113.000000    0.975413
114.000000    0.975545
116.000000    0.975942
117.000000    0.976074
118.000000    0.976338
119.000000    0.976867
120.000000    0.978057
121.000000    0.978586
634.000000    0.998942
126.000000    0.978850
127.000000    0.979379
128.000000    0.979643
129.000000    0.979775
131.000000    0.979907
132.000000    0.980040
133.000000    0.980965
134.000000    0.981097
136.000000    0.981229
140.000000    0.981626
141.000000    0.981758
142.000000    0.982022
146.000000    0.982155
147.000000    0.982419
661.000000    0.999075
153.000000    0.983080
156.000000    0.983344
160.000000    0.983477
162.000000    0.983873
164.000000    0.984005
167.000000    0.984137
169.000000    0.984270
172.000000    0.984402
173.000000    0.984534
175.000000    0.984666
176.000000    0.984798
177.000000    0.984931
178.000000    0.985195
180.000000    0.985592
181.000000    0.985988
186.000000    0.986120
187.000000    0.986385
188.000000    0.986517
193.000000    0.986913
194.000000    0.987046
196.000000    0.987310
199.000000    0.987442
201.000000    0.987574
714.000000    0.999471
546.000000    0.998546
206.000000    0.987707
207.000000    0.988103
208.000000    0.988235
219.000000    0.988367
227.000000    0.988500
230.000000    0.988632
233.000000    0.988896
234.000000    0.989161
236.000000    0.989293
239.000000    0.989557
240.000000    0.990086
242.000000    0.990218
250.000000    0.990350
253.000000    0.990482
254.000000    0.990615
258.000000    0.990747
260.000000    0.990879
513.000000    0.998017
265.000000    0.991011
266.000000    0.991143
269.000000    0.991276
273.000000    0.991408
708.000000    0.999339
280.000000    0.991672
283.000000    0.991804
292.000000    0.991937
300.000000    0.992069
302.000000    0.992201
306.000000    0.992465
313.000000    0.992730
314.000000    0.992862
320.000000    0.992994
326.000000    0.993126
327.000000    0.993391
330.000000    0.993523
333.000000    0.993655
340.000000    0.993787
347.000000    0.994052
348.000000    0.994184
352.000000    0.994316
353.000000    0.994448
354.000000    0.994580
356.000000    0.994712
357.000000    0.994845
361.000000    0.994977
366.000000    0.995109
369.000000    0.995241
599.000000    0.998678
378.000000    0.995373
388.000000    0.995506
1420.000000    0.999868
408.000000    0.995770
410.000000    0.995902
416.000000    0.996034
932.000000    0.999603
425.000000    0.996167
426.000000    0.996299
437.000000    0.996431
440.000000    0.996563
446.000000    0.996695
453.000000    0.996960
454.000000    0.997224
456.000000    0.997356
465.000000    0.997488
1494.000000    1.000000
527.000000    0.998282
474.000000    0.997753
490.000000    0.997885
545.000000    0.998414
