60    2
120    1
180    1
240    4
300    1
360    1
420    1
480    1
540    1
600    1
660    1
720    1
780    1
840    1
900    1
960    1
1020    1
1080    1
1140    1
1200    1
1260    2
1320    1
1380    3
1440    1
1500    2
1560    2
1620    2
1680    9
1740    3
1800    6
1860    3
1920    3
1980    2
2040    3
2100    2
2160    4
2220    4
2280    2
2340    2
2400    2
2460    2
2520    2
2580    2
2640    2
2700    2
2760    3
2820    2
2880    3
2940    3
3000    2
3060    2
3120    2
3180    2
3240    2
3300    1
3360    1
3420    2
3480    1
3540    2
3600    1
3660    1
3720    1
3780    1
3840    1
3900    6
3960    3
4020    4
4080    2
4140    5
4200    5
4260    4
4320    6
4380    5
4440    3
4500    2
4560    5
4620    2
4680    2
4740    1
4800    4
4860    3
4920    3
4980    2
5040    2
5100    4
5160    2
5220    5
5280    5
5340    7
5400    6
5460    4
5520    4
5580    4
5640    6
5700    4
5760    3
5820    1
5880    2
5940    2
6000    1
6060    1
6120    2
6180    2
6240    1
6300    2
6360    2
6420    2
6480    2
6540    3
6600    2
6660    2
6720    2
6780    2
6840    2
6900    2
6960    3
7020    2
7080    2
7140    2
7200    2
7260    1
7320    1
7380    1
7440    1
7500    2
7560    2
7620    1
7680    1
7740    2
7800    2
7860    2
7920    1
7980    1
8040    1
8100    2
8160    2
8220    1
8280    1
8340    1
8400    1
8460    1
8520    1
8580    1
8640    1
8700    1
8760    1
8820    1
8880    1
8940    2
9000    1
9060    1
9120    2
9180    2
9240    2
9300    2
9360    2
9420    2
9480    2
9540    2
9600    1
9660    1
9720    1
9780    2
9840    2
9900    1
9960    1
10020    1
10080    1
10140    2
10200    1
10260    1
10320    1
10380    1
10440    1
10500    2
10560    2
10620    1
10680    1
10740    1
10800    1
10860    1
10920    1
10980    2
11040    2
11100    2
11160    2
11220    2
11280    2
11340    2
11400    2
11460    1
11520    1
11580    1
11640    1
11700    1
11760    1
11820    1
11880    1
11940    1
12000    1
12060    1
12120    1
12180    1
12240    2
12300    2
12360    2
12420    2
12480    1
12540    1
12600    1
12660    1
12720    2
12780    2
12840    2
12900    2
12960    2
13020    2
13080    2
13140    2
13200    2
13260    2
13320    2
13380    2
13440    2
13500    2
13560    2
13620    2
13680    2
13740    2
13800    2
13860    2
13920    2
13980    2
14040    2
14100    2
14160    1
14220    1
14280    1
14340    1
14400    1
14460    1
14520    1
14580    1
14640    1
14700    1
14760    2
14820    2
14880    3
14940    3
15000    3
15060    1
15120    2
15180    1
15240    1
15300    1
15360    1
15420    1
15480    1
15540    1
15600    1
15660    1
15720    1
15780    1
15840    1
15900    1
15960    1
16020    1
16080    1
16140    1
16200    1
16260    2
16320    2
16380    2
16440    3
16500    3
16560    2
16620    2
16680    1
16740    1
16800    1
16860    1
16920    1
16980    2
17040    1
17100    1
17160    1
17220    1
17280    1
17340    1
17400    1
17460    1
17520    1
17580    1
17640    1
17700    1
17760    1
17820    1
17880    1
17940    1
18000    1
18060    2
18120    1
18180    1
18240    1
18300    1
18360    1
18420    1
18480    1
18540    1
18600    1
18660    1
18720    1
18780    2
18840    2
18900    1
18960    1
19020    1
19080    1
19140    1
19200    1
19260    1
19320    1
19380    1
19440    1
19500    1
19560    1
19620    1
19680    1
19740    1
19800    1
19860    1
19920    1
19980    1
20040    1
20100    1
20160    1
20220    1
20280    1
20340    1
20400    1
20460    1
20520    1
20580    1
20640    1
20700    1
20760    1
20820    1
20880    1
20940    1
21000    1
21060    1
21120    1
21180    1
21240    1
21300    1
21360    1
21420    1
21480    1
21540    1
21600    2
21660    2
21720    2
21780    2
21840    2
21900    2
21960    2
22020    2
22080    1
22140    1
22200    1
22260    1
22320    1
22380    1
22440    1
22500    1
22560    1
22620    1
22680    1
22740    1
22800    1
22860    2
22920    1
22980    2
23040    2
23100    2
23160    1
23220    1
23280    1
23340    1
23400    1
23460    1
23520    1
23580    1
23640    1
23700    1
23760    1
23820    1
23880    1
23940    1
24000    1
24060    1
24120    1
24180    1
24240    1
24300    1
24360    1
24420    1
24480    1
24540    1
24600    1
24660    1
24720    1
24780    1
24840    1
24900    1
24960    1
25020    1
25080    1
25140    1
25200    1
25260    1
25320    1
25380    1
25440    1
25500    1
25560    1
25620    1
25680    1
25740    1
25800    1
25860    1
25920    1
25980    1
26040    1
26100    1
26160    1
26220    1
26280    1
26340    1
26400    1
26460    1
26520    1
26580    1
26640    1
26700    1
26760    2
26820    1
26880    1
26940    1
27000    1
27060    1
27120    1
27180    1
27240    1
27300    1
27360    1
27420    1
27480    1
27540    2
27600    2
27660    2
27720    2
27780    1
27840    1
27900    1
27960    1
28020    1
28080    1
28140    1
28200    1
28260    1
28320    1
28380    1
28440    1
28500    1
28560    1
28620    1
28680    1
28740    1
28800    1
28860    1
28920    2
28980    2
29040    2
29100    1
29160    1
29220    1
29280    1
29340    1
29400    1
29460    1
29520    1
29580    1
29640    1
29700    1
29760    1
29820    1
29880    1
29940    1
30000    1
30060    1
30120    1
30180    2
30240    1
30300    1
30360    1
30420    1
30480    1
30540    1
30600    1
30660    1
30720    2
30780    3
30840    2
30900    2
30960    2
31020    2
31080    1
31140    1
31200    1
31260    1
31320    1
31380    1
31440    1
31500    1
31560    1
31620    1
31680    1
31740    1
31800    1
31860    1
31920    1
31980    1
32040    1
32100    1
32160    1
32220    1
32280    1
32340    1
32400    1
32460    2
32520    1
32580    1
32640    1
32700    1
32760    1
32820    1
32880    1
32940    1
33000    1
33060    1
33120    1
33180    1
33240    1
33300    1
33360    1
33420    1
33480    1
33540    1
33600    1
33660    1
33720    1
33780    1
33840    1
33900    1
33960    1
34020    1
34080    1
34140    1
34200    1
34260    1
34320    1
34380    1
34440    2
34500    1
34560    1
34620    1
34680    1
34740    1
34800    1
34860    1
34920    1
34980    2
35040    1
35100    1
35160    1
35220    1
35280    1
35340    2
35400    1
35460    1
35520    1
35580    1
35640    1
35700    1
35760    1
35820    1
35880    1
35940    1
36000    1
36060    1
36120    2
36180    1
36240    1
36300    1
36360    1
36420    1
36480    1
36540    1
36600    1
36660    2
36720    2
36780    2
36840    2
36900    2
36960    2
37020    3
37080    1
37140    1
37200    1
37260    1
37320    1
37380    1
37440    1
37500    1
37560    1
37620    1
37680    1
37740    1
37800    1
37860    1
37920    1
37980    1
38040    1
38100    1
38160    1
38220    1
38280    1
38340    1
38400    1
38460    1
38520    1
38580    1
38640    1
38700    1
38760    1
38820    1
38880    1
38940    1
39000    1
39060    1
39120    2
39180    2
39240    2
39300    2
39360    2
39420    2
39480    2
39540    2
39600    2
39660    1
39720    1
39780    1
39840    1
39900    1
39960    1
40020    1
40080    1
40140    1
40200    1
40260    1
40320    1
40380    1
40440    1
40500    1
40560    1
40620    1
40680    1
40740    1
40800    1
40860    1
40920    1
40980    1
41040    1
41100    1
41160    1
41220    1
41280    1
41340    1
41400    1
41460    1
41520    1
41580    1
41640    1
41700    2
41760    2
41820    2
41880    2
41940    1
42000    2
42060    2
42120    1
42180    1
42240    1
42300    1
42360    1
42420    1
42480    1
42540    1
42600    2
42660    2
42720    1
42780    1
42840    1
42900    1
42960    1
43020    1
43080    1
43140    2
43200    2
43260    2
43320    2
43380    1
43440    1
43500    1
43560    1
43620    1
43680    1
43740    1
43800    1
43860    1
43920    1
43980    1
44040    1
44100    1
44160    1
44220    1
44280    1
44340    1
44400    1
44460    1
44520    1
44580    1
44640    1
44700    1
44760    1
44820    1
44880    1
44940    1
45000    1
45060    1
45120    1
45180    1
45240    1
45300    1
45360    1
45420    1
45480    1
45540    1
45600    1
45660    1
45720    1
45780    1
45840    1
45900    1
45960    1
46020    1
46080    1
46140    1
46200    1
46260    1
46320    1
46380    1
46440    1
46500    1
46560    1
46620    1
46680    1
46740    1
46800    1
46860    1
46920    1
46980    1
47040    1
47100    1
47160    2
47220    1
47280    1
47340    1
47400    1
47460    1
47520    1
47580    1
47640    1
47700    1
47760    2
47820    1
47880    1
47940    1
48000    1
48060    1
48120    1
48180    1
48240    2
48300    2
48360    2
48420    2
48480    2
48540    2
48600    2
48660    2
48720    1
48780    1
48840    1
48900    1
48960    1
49020    1
49080    1
49140    1
49200    1
49260    1
49320    1
49380    1
49440    1
49500    1
49560    1
49620    1
49680    1
49740    1
49800    1
49860    1
49920    1
49980    1
50040    1
50100    1
50160    1
50220    1
50280    1
50340    1
50400    1
50460    1
50520    1
50580    1
50640    1
50700    1
50760    1
50820    1
50880    1
50940    1
51000    1
51060    1
51120    1
51180    1
51240    1
51300    1
51360    1
51420    1
51480    1
51540    1
51600    1
51660    2
51720    2
51780    2
51840    2
51900    2
51960    2
52020    2
52080    1
52140    1
52200    1
52260    1
52320    1
52380    1
52440    1
52500    1
52560    1
52620    1
52680    1
52740    1
52800    1
52860    1
52920    1
52980    1
53040    1
53100    1
53160    1
53220    1
53280    1
53340    1
53400    1
53460    1
53520    1
53580    1
53640    1
53700    1
53760    1
53820    1
53880    1
53940    1
54000    1
54060    1
54120    1
54180    1
54240    1
54300    1
54360    1
54420    1
54480    1
54540    1
54600    1
54660    1
54720    1
54780    1
54840    1
54900    1
54960    1
55020    1
55080    1
55140    1
55200    1
55260    1
55320    1
55380    1
55440    1
55500    1
55560    1
55620    1
55680    1
55740    1
55800    1
55860    1
55920    1
55980    1
56040    1
56100    1
56160    1
56220    1
56280    1
56340    1
56400    1
56460    1
56520    1
56580    1
56640    1
56700    1
56760    1
56820    1
56880    1
56940    1
57000    1
57060    1
57120    1
57180    1
57240    1
57300    1
57360    1
57420    1
57480    1
57540    1
57600    1
57660    1
57720    1
57780    1
57840    1
57900    1
57960    1
58020    1
58080    1
58140    1
58200    1
58260    1
58320    1
58380    1
58440    1
58500    1
58560    1
58620    1
58680    1
58740    1
58800    1
58860    1
58920    1
58980    1
59040    1
59100    1
59160    1
59220    1
59280    1
59340    1
59400    1
59460    1
59520    1
59580    1
59640    1
59700    1
59760    1
59820    1
59880    1
59940    1
60000    1
60060    1
60120    1
60180    1
60240    1
60300    1
60360    1
60420    1
60480    1
60540    1
60600    1
60660    1
60720    1
60780    1
60840    1
60900    1
60960    1
61020    1
61080    1
61140    1
61200    1
61260    1
61320    1
61380    1
61440    1
61500    1
61560    1
61620    1
61680    1
61740    1
61800    1
61860    1
61920    1
61980    1
62040    1
62100    1
62160    1
62220    1
62280    1
62340    1
62400    1
62460    1
62520    1
62580    1
62640    1
62700    1
62760    1
62820    1
62880    1
62940    1
63000    1
63060    1
63120    1
63180    1
63240    1
63300    1
63360    1
63420    1
63480    1
63540    1
63600    1
63660    1
63720    1
63780    1
63840    1
63900    1
63960    1
64020    1
64080    1
64140    1
64200    1
64260    1
64320    1
64380    1
64440    1
64500    1
64560    1
64620    1
64680    1
64740    1
64800    1
64860    1
64920    1
64980    1
65040    1
65100    1
65160    1
65220    1
65280    1
65340    1
65400    1
65460    1
65520    1
65580    1
65640    1
65700    1
65760    1
65820    1
65880    1
65940    1
66000    1
66060    1
66120    1
66180    1
66240    1
66300    1
66360    1
66420    1
66480    1
66540    1
66600    1
66660    2
66720    1
66780    1
66840    1
66900    1
66960    1
67020    1
67080    1
67140    1
67200    1
67260    1
67320    1
67380    1
67440    1
67500    1
67560    1
67620    1
67680    1
67740    1
67800    1
67860    1
67920    1
67980    1
68040    2
68100    1
68160    1
68220    2
68280    1
68340    1
68400    1
68460    1
68520    1
68580    1
68640    1
68700    1
68760    1
68820    1
68880    1
68940    1
69000    1
69060    1
69120    1
69180    1
69240    1
69300    1
69360    1
69420    1
69480    1
69540    1
69600    1
69660    1
69720    1
69780    1
69840    1
69900    1
69960    1
70020    1
70080    1
70140    1
70200    1
70260    1
70320    2
70380    2
70440    2
70500    2
70560    2
70620    2
70680    2
70740    2
70800    2
70860    2
70920    2
70980    2
71040    2
71100    2
71160    2
71220    2
71280    2
71340    2
71400    2
71460    2
71520    2
71580    2
71640    2
71700    2
71760    2
71820    1
71880    1
71940    1
72000    1
72060    1
72120    1
72180    1
72240    1
72300    1
72360    1
72420    1
72480    1
72540    1
72600    1
72660    1
72720    1
72780    1
72840    1
72900    1
72960    1
73020    1
73080    1
73140    1
73200    1
73260    1
73320    1
73380    1
73440    1
73500    1
73560    1
73620    1
73680    1
73740    1
73800    1
73860    1
73920    1
73980    1
74040    1
74100    1
74160    1
74220    1
74280    1
74340    1
74400    1
74460    1
74520    1
74580    1
74640    1
74700    1
74760    1
74820    2
74880    1
74940    1
75000    1
75060    1
75120    1
75180    1
75240    1
75300    1
75360    1
75420    1
75480    1
75540    1
75600    1
75660    1
75720    1
75780    1
75840    1
75900    1
75960    1
76020    1
76080    1
76140    1
76200    1
76260    1
76320    1
76380    1
76440    1
76500    1
76560    1
76620    1
76680    1
76740    1
76800    1
76860    1
76920    1
76980    1
77040    1
77100    1
77160    1
77220    1
77280    1
77340    1
77400    1
77460    1
77520    1
77580    1
77640    1
77700    1
77760    1
77820    1
77880    1
77940    1
78000    1
78060    1
78120    1
78180    1
78240    1
78300    1
78360    1
78420    1
78480    1
78540    1
78600    1
78660    1
78720    1
78780    1
78840    1
78900    1
78960    1
79020    1
79080    1
79140    1
79200    1
79260    1
79320    1
79380    1
79440    1
79500    1
79560    1
79620    1
79680    1
79740    1
79800    1
79860    1
79920    1
79980    1
80040    1
80100    1
80160    1
80220    1
80280    1
80340    1
80400    1
80460    1
80520    1
80580    1
80640    1
80700    2
80760    1
80820    1
80880    1
80940    1
81000    1
81060    1
81120    1
81180    1
81240    1
81300    1
81360    1
81420    1
81480    1
81540    1
81600    1
81660    1
81720    1
81780    1
81840    1
81900    1
81960    1
82020    1
82080    1
82140    1
82200    1
82260    1
82320    1
82380    1
82440    1
82500    1
82560    1
82620    1
82680    1
82740    1
82800    1
82860    1
82920    1
82980    1
83040    1
83100    1
83160    1
83220    1
83280    1
83340    1
83400    1
83460    1
83520    1
83580    1
83640    1
83700    1
83760    1
83820    1
83880    1
83940    1
84000    1
84060    1
84120    1
84180    1
84240    1
84300    2
84360    2
84420    1
84480    1
84540    3
84600    2
84660    1
84720    1
84780    1
84840    1
84900    1
84960    1
85020    1
85080    1
85140    1
85200    1
85260    1
85320    1
85380    1
85440    1
85500    1
85560    1
85620    1
85680    1
85740    1
85800    1
85860    1
85920    1
85980    1
86040    1
86100    1
86160    1
86220    1
86280    1
86340    1
86400    1
86460    1
86520    1
86580    1
86640    1
86700    1
86760    1
86820    1
86880    1
86940    1
87000    1
87060    1
87120    1
87180    2
87240    1
87300    1
87360    1
87420    1
87480    1
87540    1
87600    1
87660    1
87720    1
87780    1
87840    1
87900    1
87960    1
88020    1
88080    1
88140    1
88200    1
88260    1
88320    1
88380    1
88440    1
88500    1
88560    1
88620    1
88680    1
88740    1
88800    1
88860    1
88920    1
88980    1
89040    1
89100    1
89160    1
89220    1
89280    1
89340    1
89400    1
89460    1
89520    1
89580    1
89640    1
89700    1
89760    1
89820    1
89880    1
89940    1
90000    1
90060    1
90120    1
90180    1
90240    1
90300    1
90360    1
90420    1
90480    1
90540    1
90600    2
90660    2
90720    1
90780    1
90840    1
90900    1
90960    1
91020    1
91080    1
91140    1
91200    1
91260    1
91320    1
91380    1
91440    1
91500    1
91560    1
91620    1
91680    1
91740    1
91800    1
91860    2
91920    1
91980    1
92040    1
92100    2
92160    1
92220    1
92280    1
92340    1
92400    1
92460    1
92520    1
92580    1
92640    1
92700    1
92760    1
92820    1
92880    1
92940    1
93000    1
93060    1
93120    1
93180    1
93240    1
93300    1
93360    1
93420    1
93480    1
93540    1
93600    1
93660    1
93720    1
93780    1
93840    1
93900    1
93960    1
94020    1
94080    1
94140    1
94200    1
94260    1
94320    1
94380    1
94440    1
94500    1
94560    1
94620    1
94680    1
94740    1
94800    1
94860    1
94920    1
94980    1
95040    1
95100    1
95160    1
95220    1
95280    1
95340    1
95400    1
95460    1
95520    1
95580    1
95640    1
95700    1
95760    1
95820    1
95880    1
95940    1
96000    1
96060    1
96120    1
96180    1
96240    1
96300    1
96360    1
96420    1
96480    1
96540    1
96600    1
96660    1
96720    1
96780    1
96840    1
96900    1
96960    1
97020    1
97080    1
97140    1
97200    1
97260    1
97320    1
97380    1
97440    1
97500    1
97560    1
97620    1
97680    1
97740    1
97800    1
97860    1
97920    1
97980    2
98040    1
98100    1
98160    1
98220    1
98280    1
98340    1
98400    1
98460    1
98520    1
98580    1
98640    1
98700    1
98760    1
98820    1
98880    1
98940    1
99000    1
99060    1
99120    1
99180    1
99240    1
99300    1
99360    1
99420    1
99480    1
99540    1
99600    1
99660    1
99720    1
99780    1
99840    1
99900    1
99960    1
100020    1
100080    1
100140    1
100200    1
100260    1
100320    1
100380    1
100440    1
100500    1
100560    1
100620    1
100680    1
100740    1
100800    1
100860    1
100920    1
100980    1
101040    1
101100    1
101160    1
101220    1
101280    1
101340    1
101400    1
101460    1
101520    1
101580    1
101640    1
101700    1
101760    1
101820    1
101880    1
101940    1
102000    1
102060    1
102120    1
102180    1
102240    1
102300    1
102360    1
102420    1
102480    1
102540    1
102600    1
102660    1
102720    1
102780    1
102840    1
102900    1
102960    1
103020    1
103080    1
103140    1
103200    1
103260    1
103320    1
103380    1
103440    1
103500    1
103560    1
103620    1
103680    1
103740    1
103800    1
103860    1
103920    1
103980    1
104040    1
104100    1
104160    1
104220    1
104280    1
104340    1
104400    1
104460    1
104520    1
104580    1
104640    1
104700    1
104760    1
104820    1
104880    1
104940    1
105000    1
105060    1
105120    1
105180    1
105240    1
105300    1
105360    1
105420    1
105480    1
105540    1
105600    1
105660    1
105720    1
105780    1
105840    1
105900    1
105960    1
106020    1
106080    1
106140    1
106200    1
106260    1
106320    2
106380    1
106440    1
106500    1
106560    1
106620    1
106680    1
106740    1
106800    1
106860    1
106920    1
106980    1
107040    1
107100    1
107160    1
107220    1
107280    1
107340    1
107400    1
107460    1
107520    1
107580    1
107640    1
107700    1
107760    1
107820    1
107880    2
107940    1
108000    1
108060    1
108120    1
108180    1
108240    1
108300    1
108360    1
108420    1
108480    1
108540    1
108600    1
108660    1
108720    1
108780    1
108840    1
108900    1
108960    1
109020    1
109080    1
109140    1
109200    1
109260    1
109320    1
109380    1
109440    1
109500    1
109560    1
109620    1
109680    1
109740    1
109800    1
109860    1
109920    1
109980    1
110040    1
110100    1
110160    1
110220    1
110280    1
110340    1
110400    1
110460    1
110520    1
110580    1
110640    1
110700    1
110760    1
110820    1
110880    1
110940    1
111000    1
111060    1
111120    1
111180    1
111240    1
111300    1
111360    1
111420    1
111480    1
111540    1
111600    1
111660    1
111720    1
111780    1
111840    1
111900    1
111960    1
112020    1
112080    1
112140    1
112200    1
112260    1
112320    1
112380    1
112440    1
112500    1
112560    1
112620    1
112680    1
112740    1
112800    1
112860    1
112920    1
112980    1
113040    1
113100    1
113160    1
113220    1
113280    1
113340    1
113400    1
113460    1
113520    1
113580    1
113640    1
113700    1
113760    1
113820    1
113880    1
113940    1
114000    1
114060    1
114120    1
114180    1
114240    1
114300    1
114360    1
114420    1
114480    1
114540    1
114600    1
114660    1
114720    1
114780    1
114840    1
114900    1
114960    1
115020    1
115080    1
115140    1
115200    1
115260    1
115320    1
115380    1
115440    1
115500    1
115560    1
115620    1
115680    1
115740    1
115800    1
115860    1
115920    1
115980    1
116040    1
116100    1
116160    1
116220    1
116280    1
116340    1
116400    1
116460    1
116520    1
116580    1
116640    1
116700    1
116760    1
116820    1
116880    1
116940    1
117000    1
117060    1
117120    1
117180    1
117240    1
117300    1
117360    1
117420    1
117480    1
117540    1
117600    1
117660    1
117720    1
117780    1
117840    1
117900    1
117960    1
118020    1
118080    1
118140    1
118200    1
118260    1
118320    1
118380    2
118440    1
118500    1
118560    1
118620    1
118680    1
118740    1
118800    1
118860    1
118920    1
118980    1
119040    1
119100    1
119160    1
119220    1
119280    1
119340    2
119400    1
119460    1
119520    1
119580    1
119640    1
119700    1
119760    1
119820    1
119880    1
119940    1
120000    1
120060    1
120120    1
120180    1
120240    1
120300    1
120360    1
120420    1
120480    1
120540    1
120600    2
120660    2
120720    1
120780    1
120840    1
120900    1
120960    1
121020    1
121080    1
121140    1
121200    1
121260    1
121320    1
121380    1
121440    1
121500    1
121560    1
121620    1
121680    1
121740    1
121800    1
121860    1
121920    1
121980    1
122040    1
122100    1
122160    1
122220    1
122280    1
122340    1
122400    1
122460    1
122520    1
122580    1
122640    1
122700    1
122760    1
122820    1
122880    1
122940    2
123000    2
123060    2
123120    1
123180    1
123240    1
123300    1
123360    1
123420    1
123480    1
123540    1
123600    1
123660    1
123720    1
123780    1
123840    1
123900    1
123960    1
124020    1
124080    1
124140    1
124200    1
124260    1
124320    1
124380    1
124440    1
124500    1
124560    1
124620    1
124680    1
124740    1
124800    1
124860    1
124920    1
124980    1
125040    1
125100    1
125160    1
125220    1
125280    1
125340    1
125400    1
125460    1
125520    1
125580    1
125640    1
125700    1
125760    1
125820    1
125880    1
125940    1
126000    1
126060    1
126120    1
126180    1
126240    2
126300    1
126360    1
126420    1
126480    2
126540    2
126600    2
126660    2
126720    2
126780    2
126840    2
126900    1
126960    1
127020    1
127080    1
127140    1
127200    1
127260    1
127320    1
127380    1
127440    1
127500    1
127560    1
127620    1
127680    1
127740    1
127800    1
127860    1
127920    1
127980    1
128040    1
128100    1
128160    1
128220    1
128280    1
128340    1
128400    1
128460    1
128520    1
128580    1
128640    1
128700    1
128760    1
128820    1
128880    1
128940    1
129000    1
129060    1
129120    1
129180    1
129240    1
129300    1
129360    1
129420    1
129480    1
129540    1
129600    1
129660    1
129720    1
129780    1
129840    1
129900    1
129960    1
130020    1
130080    1
130140    1
130200    1
130260    1
130320    1
130380    1
130440    1
130500    1
130560    1
130620    1
130680    1
130740    1
130800    1
130860    1
130920    1
130980    1
131040    1
131100    1
131160    1
131220    1
131280    1
131340    1
131400    1
131460    1
131520    1
131580    1
131640    1
131700    1
131760    1
131820    1
131880    1
131940    1
132000    1
132060    1
132120    1
132180    1
132240    1
132300    1
132360    1
132420    1
132480    1
132540    1
132600    1
132660    1
132720    1
132780    1
132840    1
132900    1
132960    1
133020    1
133080    1
133140    1
133200    1
133260    1
133320    1
133380    1
133440    1
133500    1
133560    1
133620    1
133680    1
133740    1
133800    1
133860    1
133920    1
133980    1
134040    1
134100    1
134160    1
134220    1
134280    1
134340    1
134400    1
134460    1
134520    1
134580    1
134640    1
134700    1
134760    1
134820    1
134880    1
134940    1
135000    1
135060    1
135120    1
135180    1
135240    1
135300    1
135360    1
135420    1
135480    1
135540    1
135600    1
135660    1
135720    2
135780    1
135840    1
135900    1
135960    1
136020    1
136080    1
136140    2
136200    1
136260    1
136320    1
136380    1
136440    1
136500    1
136560    1
136620    1
136680    1
136740    1
136800    1
136860    1
136920    1
136980    1
137040    1
137100    1
137160    1
137220    1
137280    1
137340    1
137400    1
137460    1
137520    1
137580    1
137640    1
137700    1
137760    1
137820    1
137880    1
137940    1
138000    1
138060    1
138120    1
138180    1
138240    1
138300    1
138360    1
138420    1
138480    1
138540    1
138600    1
138660    1
138720    1
138780    1
138840    1
138900    1
138960    1
139020    1
139080    1
139140    1
139200    1
139260    1
139320    1
139380    1
139440    1
139500    1
139560    1
139620    1
139680    1
139740    1
139800    1
139860    1
139920    1
139980    1
140040    1
140100    1
140160    1
140220    1
140280    1
140340    1
140400    1
140460    1
140520    1
140580    1
140640    1
140700    1
140760    1
140820    1
140880    1
140940    1
141000    1
141060    1
141120    1
141180    1
141240    1
141300    1
141360    1
141420    1
141480    1
141540    1
141600    1
141660    1
141720    1
141780    1
141840    1
141900    1
141960    1
142020    1
142080    1
142140    1
142200    1
142260    1
142320    1
142380    1
142440    1
142500    1
142560    1
142620    1
142680    1
142740    1
142800    1
142860    1
142920    1
142980    1
143040    1
143100    1
143160    1
143220    1
143280    1
143340    1
143400    1
143460    1
143520    1
143580    1
143640    1
143700    1
143760    1
143820    1
143880    1
143940    1
144000    1
144060    1
144120    1
144180    1
144240    1
144300    1
144360    1
144420    1
144480    1
144540    1
144600    1
144660    1
144720    1
144780    1
144840    1
144900    1
144960    1
145020    1
145080    1
145140    1
145200    1
145260    1
145320    1
145380    1
145440    1
145500    1
145560    1
145620    1
145680    1
145740    1
145800    1
145860    1
145920    1
145980    1
146040    1
146100    1
146160    1
146220    1
146280    1
146340    1
146400    1
146460    1
146520    1
146580    1
146640    1
146700    1
146760    1
146820    1
146880    1
146940    1
147000    1
147060    1
147120    1
147180    1
147240    1
147300    1
147360    1
147420    1
147480    1
147540    1
147600    1
147660    1
147720    1
147780    1
147840    1
147900    1
147960    1
148020    1
148080    1
148140    1
148200    1
148260    1
148320    1
148380    1
148440    1
148500    1
148560    1
148620    1
148680    1
148740    2
148800    1
148860    1
148920    1
148980    1
149040    1
149100    1
149160    1
149220    1
149280    1
149340    1
149400    1
149460    1
149520    1
149580    1
149640    1
149700    1
149760    1
149820    1
149880    1
149940    1
150000    1
150060    1
150120    1
150180    1
150240    1
150300    1
150360    1
150420    1
150480    1
150540    1
150600    1
150660    1
150720    1
150780    1
150840    1
150900    1
150960    1
151020    1
151080    1
151140    1
151200    1
151260    1
151320    1
151380    1
151440    1
151500    1
151560    1
151620    1
151680    1
151740    1
151800    1
151860    1
151920    1
151980    1
152040    1
152100    1
152160    1
152220    1
152280    1
152340    1
152400    1
152460    1
152520    1
152580    1
152640    1
152700    1
152760    1
152820    1
152880    1
152940    1
153000    1
153060    1
153120    1
153180    1
153240    1
153300    1
153360    1
153420    1
153480    1
153540    1
153600    1
153660    1
153720    1
153780    1
153840    1
153900    1
153960    1
154020    1
154080    1
154140    1
154200    1
154260    1
154320    1
154380    1
154440    1
154500    1
154560    1
154620    1
154680    1
154740    1
154800    1
154860    1
154920    1
154980    1
155040    1
155100    1
155160    1
155220    1
155280    1
155340    1
155400    1
155460    1
155520    1
155580    1
155640    1
155700    1
155760    1
155820    1
155880    1
155940    1
156000    1
156060    1
156120    1
156180    1
156240    1
156300    1
156360    1
156420    1
156480    1
156540    1
156600    1
156660    1
156720    1
156780    1
156840    1
156900    1
156960    1
157020    1
157080    1
157140    1
157200    1
157260    1
157320    1
157380    1
157440    1
157500    1
157560    1
157620    1
157680    1
157740    1
157800    1
157860    1
157920    1
157980    1
158040    1
158100    1
158160    1
158220    1
158280    1
158340    1
158400    1
158460    1
158520    1
158580    1
158640    1
158700    1
158760    1
158820    1
158880    1
158940    1
159000    1
159060    1
159120    1
159180    1
159240    1
159300    1
159360    1
159420    1
159480    1
159540    1
159600    1
159660    1
159720    1
159780    1
159840    1
159900    1
159960    1
160020    1
160080    1
160140    1
160200    1
160260    1
160320    1
160380    1
160440    1
160500    1
160560    1
160620    1
160680    1
160740    1
160800    1
160860    1
160920    1
160980    1
161040    1
161100    1
161160    1
161220    1
161280    1
161340    1
161400    1
161460    1
161520    1
161580    1
161640    1
161700    1
161760    1
161820    1
161880    1
161940    1
162000    1
162060    1
162120    1
162180    1
162240    1
162300    1
162360    1
162420    1
162480    1
162540    1
162600    1
162660    1
162720    1
162780    1
162840    1
162900    1
162960    1
163020    1
163080    1
163140    1
163200    1
163260    1
163320    1
163380    1
163440    1
163500    1
163560    1
163620    1
163680    1
163740    1
163800    1
163860    1
163920    1
163980    1
164040    1
164100    1
164160    1
164220    1
164280    1
164340    1
164400    1
164460    1
164520    1
164580    1
164640    1
164700    1
164760    1
164820    1
164880    1
164940    1
165000    1
165060    1
165120    1
165180    1
165240    1
165300    1
165360    1
165420    1
165480    1
165540    1
165600    1
165660    1
165720    1
165780    1
165840    1
165900    1
165960    1
166020    1
166080    1
166140    1
166200    1
166260    1
166320    2
166380    2
166440    2
166500    2
166560    1
166620    1
166680    1
166740    1
166800    1
166860    1
166920    1
166980    1
167040    1
167100    1
167160    1
167220    1
167280    1
167340    1
167400    1
167460    1
167520    1
167580    1
167640    1
167700    1
167760    1
167820    1
167880    1
167940    1
168000    1
168060    1
168120    1
168180    1
168240    1
168300    1
168360    1
168420    1
168480    1
168540    1
168600    1
168660    1
168720    1
168780    1
168840    1
168900    1
168960    1
169020    1
169080    1
169140    1
169200    1
169260    1
169320    1
169380    1
169440    1
169500    1
169560    1
169620    1
169680    1
169740    1
169800    1
169860    1
169920    1
169980    1
170040    1
170100    1
170160    1
170220    1
170280    1
170340    1
170400    1
170460    1
170520    1
170580    1
170640    1
170700    1
170760    1
170820    1
170880    1
170940    1
171000    1
171060    1
171120    1
171180    1
171240    1
171300    1
171360    1
171420    1
171480    1
171540    1
171600    1
171660    1
171720    1
171780    1
171840    1
171900    1
171960    1
172020    1
172080    1
172140    1
172200    1
172260    1
172320    1
172380    1
172440    1
172500    1
172560    1
172620    1
172680    1
172740    1
172800    1
172860    1
172920    1
172980    1
173040    1
173100    1
173160    1
173220    1
173280    1
173340    1
173400    1
173460    1
173520    1
173580    1
173640    1
173700    1
173760    1
173820    1
173880    1
173940    1
174000    1
174060    1
174120    1
174180    1
174240    1
174300    1
174360    1
174420    1
174480    1
174540    1
174600    1
174660    1
174720    1
174780    1
174840    1
174900    2
174960    2
175020    1
175080    1
175140    1
175200    1
175260    1
175320    1
175380    1
175440    1
175500    1
175560    1
175620    1
175680    1
175740    1
175800    1
175860    1
175920    1
175980    1
176040    1
176100    1
176160    1
176220    1
176280    1
176340    1
176400    1
176460    1
176520    1
176580    1
176640    1
176700    1
176760    1
176820    1
176880    1
176940    1
177000    1
177060    1
177120    1
177180    1
177240    1
177300    1
177360    1
177420    1
177480    1
177540    1
177600    1
177660    1
177720    1
177780    1
177840    1
177900    1
177960    1
178020    1
178080    1
178140    1
178200    1
178260    1
178320    1
178380    1
178440    1
178500    1
178560    1
178620    1
178680    1
178740    1
178800    1
178860    1
178920    1
178980    1
179040    1
179100    1
179160    1
179220    1
179280    1
179340    1
179400    1
179460    1
179520    1
179580    1
179640    1
179700    1
179760    1
179820    1
179880    1
179940    1
180000    1
180060    1
180120    1
180180    1
180240    1
180300    1
180360    1
180420    1
180480    1
180540    1
180600    1
180660    1
180720    1
180780    1
180840    1
180900    1
180960    1
181020    1
181080    2
181140    2
181200    1
181260    1
181320    1
181380    1
181440    1
181500    1
181560    1
181620    1
181680    1
181740    1
181800    1
181860    1
181920    1
181980    1
182040    1
182100    1
182160    1
182220    1
182280    1
182340    1
182400    1
182460    1
182520    1
182580    1
182640    1
182700    1
182760    1
182820    1
182880    1
182940    1
183000    1
183060    1
183120    1
183180    1
183240    1
183300    1
183360    1
183420    1
183480    1
183540    1
183600    1
183660    1
183720    1
183780    1
183840    1
183900    1
183960    1
184020    1
184080    1
184140    1
184200    1
184260    1
184320    1
184380    1
184440    1
184500    1
184560    1
184620    1
184680    1
184740    1
184800    1
184860    1
184920    1
184980    1
185040    1
185100    1
185160    1
185220    1
185280    1
185340    1
185400    1
185460    1
185520    1
185580    1
185640    1
185700    1
185760    1
185820    1
185880    1
185940    1
186000    1
186060    1
186120    1
186180    1
186240    1
186300    1
186360    1
186420    1
186480    1
186540    1
186600    1
186660    1
186720    1
186780    1
186840    1
186900    1
186960    1
187020    1
187080    1
187140    1
187200    1
187260    1
187320    1
187380    1
187440    1
187500    1
187560    1
187620    1
187680    1
187740    1
187800    1
187860    1
187920    1
187980    1
188040    1
188100    1
188160    1
188220    1
188280    1
188340    1
188400    1
188460    1
188520    1
188580    1
188640    1
188700    1
188760    1
188820    1
188880    1
188940    1
189000    1
189060    1
189120    1
189180    1
189240    1
189300    1
189360    1
189420    1
189480    1
189540    1
189600    1
189660    1
189720    1
189780    1
189840    1
189900    1
189960    1
190020    1
190080    1
190140    1
190200    1
190260    1
190320    1
190380    1
190440    1
190500    1
190560    1
190620    1
190680    1
190740    1
190800    1
190860    1
190920    1
190980    1
191040    1
191100    1
191160    1
191220    1
191280    1
191340    1
191400    1
191460    1
191520    1
191580    1
191640    1
191700    1
191760    1
191820    1
191880    1
191940    1
192000    1
192060    1
192120    1
192180    1
192240    1
192300    1
192360    1
192420    1
192480    1
192540    1
192600    1
192660    1
192720    1
192780    1
192840    1
192900    1
192960    1
193020    1
193080    1
193140    1
193200    1
193260    1
193320    1
193380    1
193440    1
193500    1
193560    1
193620    1
193680    1
193740    1
193800    1
193860    1
193920    1
193980    1
194040    1
194100    1
194160    1
194220    1
194280    1
194340    1
194400    1
194460    1
194520    1
194580    1
194640    1
194700    1
194760    1
194820    1
194880    1
194940    1
195000    1
195060    1
195120    1
195180    1
195240    1
195300    1
195360    1
195420    1
195480    1
195540    1
195600    1
195660    1
195720    1
195780    1
195840    1
195900    1
195960    1
196020    1
196080    1
196140    1
196200    1
196260    1
196320    1
196380    1
196440    1
196500    1
196560    1
196620    1
196680    1
196740    1
196800    1
196860    1
196920    1
196980    1
197040    1
197100    1
197160    1
197220    1
197280    1
197340    1
197400    1
197460    1
197520    1
197580    1
197640    1
197700    1
197760    1
197820    1
197880    1
197940    1
198000    1
198060    1
198120    1
198180    1
198240    1
198300    1
198360    1
198420    1
198480    1
198540    1
198600    1
198660    1
198720    1
198780    1
198840    1
198900    1
198960    1
199020    1
199080    1
199140    1
199200    1
199260    1
199320    1
199380    1
199440    1
199500    1
199560    1
199620    1
199680    1
199740    1
199800    1
199860    1
199920    1
199980    1
200040    1
200100    1
200160    1
200220    1
200280    1
200340    1
200400    1
200460    1
200520    1
200580    1
200640    1
200700    1
200760    1
200820    1
200880    1
200940    1
201000    1
201060    1
201120    1
201180    1
201240    1
201300    1
201360    1
201420    1
201480    1
201540    1
201600    1
201660    1
201720    1
201780    1
201840    1
201900    1
201960    1
202020    1
202080    1
202140    1
202200    1
202260    1
202320    1
202380    1
202440    1
202500    1
202560    1
202620    1
202680    1
202740    1
202800    1
202860    1
202920    1
202980    1
203040    1
203100    1
203160    1
203220    1
203280    1
203340    1
203400    2
203460    2
203520    2
203580    1
203640    1
203700    1
203760    1
203820    1
203880    1
203940    1
204000    1
204060    1
204120    1
204180    1
204240    1
204300    1
204360    1
204420    1
204480    1
204540    1
204600    1
204660    1
204720    1
204780    1
204840    1
204900    1
204960    1
205020    1
205080    1
205140    1
205200    1
205260    1
205320    1
205380    1
205440    1
205500    1
205560    1
205620    1
205680    1
205740    1
205800    1
205860    1
205920    1
205980    1
206040    1
206100    1
206160    1
206220    1
206280    1
206340    1
206400    1
206460    1
206520    1
206580    1
206640    1
206700    1
206760    1
206820    1
206880    1
206940    1
207000    1
207060    1
207120    1
207180    1
207240    1
207300    1
207360    1
207420    1
207480    1
207540    1
207600    1
207660    1
207720    1
207780    1
207840    1
207900    1
207960    1
208020    1
208080    1
208140    1
208200    1
208260    1
208320    1
208380    1
208440    1
208500    1
208560    1
208620    1
208680    1
208740    1
208800    1
208860    1
208920    1
208980    1
209040    1
209100    1
209160    1
209220    1
209280    1
209340    1
209400    1
209460    1
209520    1
209580    1
209640    1
209700    1
209760    1
209820    1
209880    1
209940    1
210000    1
210060    1
210120    1
210180    1
210240    1
210300    1
210360    1
210420    1
210480    1
210540    1
210600    1
210660    1
210720    1
210780    1
210840    1
210900    1
210960    1
211020    1
211080    1
211140    1
211200    1
211260    1
211320    1
211380    1
211440    1
211500    1
211560    1
211620    1
211680    1
211740    1
211800    1
211860    1
211920    1
211980    1
212040    1
212100    1
212160    1
212220    1
212280    1
212340    1
212400    1
212460    1
212520    1
212580    1
212640    1
212700    1
212760    2
212820    1
212880    1
212940    1
213000    1
213060    1
213120    1
213180    1
213240    1
213300    1
213360    1
213420    1
213480    1
213540    1
213600    1
213660    1
213720    1
213780    1
213840    1
213900    1
213960    1
214020    1
214080    2
214140    1
214200    1
214260    1
214320    1
214380    1
214440    1
214500    1
214560    1
214620    1
214680    1
214740    1
214800    1
214860    1
214920    1
214980    1
215040    1
215100    1
215160    1
215220    1
215280    1
215340    1
215400    1
215460    1
215520    1
215580    1
215640    1
215700    1
215760    1
215820    1
215880    1
215940    1
216000    1
216060    1
216120    1
216180    1
216240    1
216300    1
216360    1
216420    1
216480    1
216540    1
216600    1
216660    1
216720    1
216780    1
216840    1
216900    1
216960    1
217020    1
217080    1
217140    1
217200    1
217260    1
217320    1
217380    1
217440    1
217500    1
217560    1
217620    1
217680    1
217740    1
217800    1
217860    1
217920    1
217980    1
218040    1
218100    1
218160    1
218220    1
218280    1
218340    1
218400    1
218460    1
218520    1
218580    1
218640    1
218700    1
218760    1
218820    1
218880    1
218940    1
219000    1
219060    1
219120    1
219180    1
219240    1
219300    1
219360    1
219420    1
219480    1
219540    1
219600    1
219660    1
219720    1
219780    1
219840    1
219900    1
219960    1
220020    1
220080    1
220140    1
220200    2
220260    1
220320    1
220380    1
220440    1
220500    1
220560    1
220620    1
220680    1
220740    1
220800    1
220860    1
220920    1
220980    1
221040    1
221100    1
221160    1
221220    1
221280    1
221340    1
221400    1
221460    1
221520    1
221580    1
221640    1
221700    1
221760    1
221820    1
221880    1
221940    1
222000    1
222060    1
222120    1
222180    1
222240    1
222300    1
222360    1
222420    1
222480    1
222540    1
222600    1
222660    1
222720    1
222780    1
222840    1
222900    1
222960    1
223020    1
223080    1
223140    1
223200    2
223260    1
223320    1
223380    1
223440    1
223500    1
223560    1
223620    1
223680    1
223740    1
223800    1
223860    1
223920    1
223980    1
224040    1
224100    1
224160    1
224220    1
224280    1
224340    1
224400    1
224460    1
224520    1
224580    1
224640    1
224700    1
224760    1
224820    1
224880    1
224940    1
225000    1
225060    1
225120    1
225180    1
225240    1
225300    1
225360    1
225420    1
225480    1
225540    1
225600    1
225660    1
225720    1
225780    1
225840    1
225900    1
225960    1
226020    1
226080    1
226140    1
226200    1
226260    1
226320    1
226380    1
226440    1
226500    1
226560    1
226620    1
226680    1
226740    1
226800    1
226860    1
226920    1
226980    1
227040    1
227100    1
227160    1
227220    1
227280    1
227340    1
227400    1
227460    1
227520    1
227580    1
227640    1
227700    1
227760    1
227820    1
227880    1
227940    1
228000    1
228060    1
228120    1
228180    1
228240    1
228300    1
228360    1
228420    1
228480    1
228540    1
228600    1
228660    1
228720    1
228780    1
228840    1
228900    1
228960    1
229020    1
229080    1
229140    1
229200    1
229260    1
229320    1
229380    1
229440    1
229500    1
229560    1
229620    1
229680    1
229740    1
229800    1
229860    1
229920    1
229980    1
230040    1
230100    1
230160    1
230220    1
230280    1
230340    1
230400    1
230460    1
230520    1
230580    1
230640    1
230700    1
230760    1
230820    1
230880    1
230940    1
231000    1
231060    1
231120    1
231180    1
231240    1
231300    1
231360    1
231420    1
231480    1
231540    1
231600    1
231660    1
231720    1
231780    1
231840    1
231900    1
231960    1
232020    1
232080    1
232140    1
232200    1
232260    1
232320    1
232380    1
232440    1
232500    1
232560    1
232620    1
232680    1
232740    1
232800    1
232860    1
232920    1
232980    1
233040    1
233100    1
233160    1
233220    1
233280    1
233340    1
233400    1
233460    1
233520    1
233580    1
233640    1
233700    1
233760    1
233820    1
233880    1
233940    1
234000    1
234060    1
234120    1
234180    1
234240    1
234300    1
234360    1
234420    1
234480    1
234540    1
234600    1
234660    1
234720    1
234780    1
234840    1
234900    1
234960    1
235020    1
235080    1
235140    1
235200    1
235260    1
235320    1
235380    1
235440    1
235500    1
235560    1
235620    1
235680    1
235740    1
235800    1
235860    1
235920    1
235980    2
236040    1
236100    1
236160    1
236220    1
236280    1
236340    1
236400    1
236460    1
236520    1
236580    1
236640    1
236700    1
236760    1
236820    1
236880    1
236940    1
237000    1
237060    1
237120    1
237180    1
237240    1
237300    1
237360    1
237420    1
237480    1
237540    1
237600    1
237660    1
237720    1
237780    1
237840    1
237900    1
237960    1
238020    1
238080    1
238140    1
238200    1
238260    1
238320    1
238380    1
238440    1
238500    1
238560    1
238620    1
238680    1
238740    1
238800    1
238860    1
238920    1
238980    1
239040    1
239100    1
239160    1
239220    1
239280    1
239340    1
239400    1
239460    1
239520    1
239580    1
239640    1
239700    1
239760    1
239820    1
239880    1
239940    1
240000    1
240060    1
240120    1
240180    1
240240    1
240300    1
240360    1
240420    1
240480    1
240540    1
240600    1
240660    1
240720    1
240780    1
240840    1
240900    1
240960    1
241020    1
241080    1
241140    1
241200    1
241260    1
241320    2
241380    1
241440    1
241500    1
241560    1
241620    1
241680    1
241740    1
241800    1
241860    1
241920    1
241980    1
242040    1
242100    1
242160    1
242220    1
242280    1
242340    1
242400    1
242460    1
242520    1
242580    1
242640    1
242700    1
242760    1
242820    1
242880    1
242940    1
243000    1
243060    1
243120    1
243180    1
243240    1
243300    1
243360    1
243420    1
243480    1
243540    1
243600    1
243660    1
243720    1
243780    1
243840    1
243900    1
243960    1
244020    1
244080    1
244140    1
244200    1
244260    1
244320    1
244380    1
244440    1
244500    1
244560    1
244620    1
244680    1
244740    1
244800    1
244860    1
244920    1
244980    1
245040    1
245100    1
245160    1
245220    1
245280    1
245340    1
245400    1
245460    1
245520    1
245580    1
245640    1
245700    1
245760    1
245820    1
245880    1
245940    1
246000    1
246060    1
246120    1
246180    1
246240    1
246300    1
246360    1
246420    1
246480    1
246540    1
246600    1
246660    1
246720    1
246780    1
246840    1
246900    1
246960    1
247020    1
247080    1
247140    1
247200    1
247260    1
247320    1
247380    1
247440    1
247500    1
247560    1
247620    1
247680    1
247740    1
247800    1
247860    1
247920    1
247980    1
248040    1
248100    1
248160    1
248220    1
248280    1
248340    1
248400    1
248460    1
248520    1
248580    1
248640    1
248700    1
248760    1
248820    1
248880    1
248940    1
249000    1
249060    1
249120    1
249180    1
249240    1
249300    1
249360    1
249420    1
249480    1
249540    1
249600    1
249660    1
249720    1
249780    1
249840    1
249900    1
249960    1
250020    1
250080    1
250140    1
250200    1
250260    1
250320    1
250380    1
250440    1
250500    1
250560    1
250620    1
250680    1
250740    1
250800    1
250860    1
250920    1
250980    1
251040    1
251100    1
251160    1
251220    1
251280    1
251340    1
251400    1
251460    1
251520    1
251580    1
251640    1
251700    1
251760    1
251820    1
251880    1
251940    1
252000    1
252060    1
252120    1
252180    1
252240    1
252300    1
252360    1
252420    1
252480    1
252540    1
252600    1
252660    1
252720    1
252780    1
252840    1
252900    1
252960    1
253020    1
253080    1
253140    1
253200    1
253260    1
253320    1
253380    1
253440    1
253500    1
253560    1
253620    1
253680    1
253740    1
253800    1
253860    1
253920    1
253980    1
254040    1
254100    1
254160    1
254220    1
254280    1
254340    1
254400    1
254460    1
254520    1
254580    1
254640    1
254700    1
254760    1
254820    1
254880    1
254940    1
255000    1
255060    1
255120    1
255180    1
255240    1
255300    1
255360    1
255420    1
255480    1
255540    1
255600    1
255660    1
255720    1
255780    1
255840    1
255900    1
255960    1
256020    1
256080    1
256140    1
256200    1
256260    1
256320    1
256380    1
256440    1
256500    1
256560    1
256620    1
256680    1
256740    1
256800    1
256860    1
256920    1
256980    1
257040    1
257100    1
257160    1
257220    1
257280    1
257340    1
257400    1
257460    1
257520    1
257580    1
257640    1
257700    1
257760    1
257820    1
257880    1
257940    1
258000    1
258060    1
258120    1
258180    1
258240    1
258300    1
258360    1
258420    1
258480    1
258540    1
258600    1
258660    1
258720    1
258780    1
258840    1
258900    1
258960    1
259020    1
259080    1
259140    1
259200    1
259260    1
259320    1
259380    1
259440    1
259500    1
259560    1
259620    1
259680    1
259740    1
259800    1
259860    1
259920    1
259980    1
260040    1
260100    1
260160    1
260220    1
260280    1
260340    1
260400    1
260460    1
260520    1
260580    1
260640    1
260700    1
260760    1
260820    1
260880    1
260940    1
261000    1
261060    1
261120    1
261180    1
261240    1
261300    1
261360    1
261420    1
261480    1
261540    1
261600    1
261660    1
261720    1
261780    1
261840    1
261900    1
261960    1
262020    1
262080    1
262140    1
262200    1
262260    1
262320    1
262380    1
262440    1
262500    1
262560    1
262620    1
262680    1
262740    1
262800    1
262860    1
262920    1
262980    1
263040    1
263100    1
263160    1
263220    1
263280    1
263340    1
263400    1
263460    1
263520    1
263580    1
263640    1
263700    1
263760    1
263820    1
263880    1
263940    1
264000    1
264060    1
264120    1
264180    1
264240    1
264300    1
264360    1
264420    1
264480    1
264540    1
264600    1
264660    1
264720    1
264780    1
264840    1
264900    1
264960    1
265020    1
265080    1
265140    1
265200    1
265260    1
265320    1
265380    1
265440    1
265500    1
265560    1
265620    1
265680    1
265740    1
265800    1
265860    1
265920    1
265980    1
266040    1
266100    1
266160    1
266220    1
266280    1
266340    1
266400    1
266460    1
266520    1
266580    1
266640    1
266700    1
266760    1
266820    1
266880    1
266940    1
267000    1
267060    1
267120    1
267180    1
267240    1
267300    1
267360    1
267420    1
267480    1
267540    1
267600    1
267660    1
267720    1
267780    1
267840    1
267900    1
267960    1
268020    1
268080    1
268140    1
268200    1
268260    1
268320    1
268380    1
268440    1
268500    1
268560    1
268620    1
268680    1
268740    1
268800    1
268860    1
268920    1
268980    1
269040    1
269100    1
269160    1
269220    1
269280    1
269340    1
269400    1
269460    1
269520    1
269580    1
269640    1
269700    1
269760    1
269820    1
269880    1
269940    1
270000    1
270060    1
270120    1
270180    1
270240    1
270300    1
270360    1
270420    1
270480    1
270540    1
270600    1
270660    1
270720    1
270780    1
270840    1
270900    1
270960    1
271020    1
271080    1
271140    1
271200    1
271260    1
271320    1
271380    1
271440    1
271500    1
271560    1
271620    1
271680    1
271740    1
271800    1
271860    1
271920    1
271980    1
272040    1
272100    1
272160    1
272220    1
272280    1
272340    1
272400    1
272460    1
272520    1
272580    1
272640    1
272700    1
272760    1
272820    1
272880    1
272940    1
273000    1
273060    1
273120    1
273180    1
273240    1
273300    1
273360    1
273420    1
273480    1
273540    1
273600    1
273660    1
273720    1
273780    1
273840    1
273900    1
273960    1
274020    1
274080    1
274140    1
274200    1
274260    1
274320    1
274380    1
274440    1
274500    1
274560    1
274620    1
274680    1
274740    1
274800    1
274860    1
