60    24
120    25
180    25
240    22
300    25
360    25
420    25
480    25
540    25
600    25
660    25
720    25
780    25
840    25
900    25
960    25
1020    25
1080    25
1140    25
1200    25
1260    24
1320    25
1380    23
1440    25
1500    24
1560    23
1620    23
1680    16
1740    20
1800    20
1860    23
1920    23
1980    23
2040    23
2100    24
2160    22
2220    22
2280    23
2340    23
2400    23
2460    23
2520    23
2580    23
2640    24
2700    24
2760    23
2820    24
2880    23
2940    23
3000    24
3060    24
3120    24
3180    24
3240    24
3300    25
3360    25
3420    24
3480    25
3540    24
3600    25
3660    25
3720    25
3780    25
3840    25
3900    19
3960    21
4020    22
4080    24
4140    20
4200    19
4260    20
4320    20
4380    19
4440    22
4500    23
4560    18
4620    22
4680    24
4740    25
4800    19
4860    20
4920    23
4980    23
5040    24
5100    22
5160    24
5220    19
5280    18
5340    19
5400    20
5460    20
5520    21
5580    21
5640    19
5700    21
5760    23
5820    25
5880    24
5940    24
6000    25
6060    25
6120    24
6180    24
6240    25
6300    23
6360    22
6420    23
6480    24
6540    23
6600    24
6660    24
6720    24
6780    24
6840    23
6900    24
6960    22
7020    24
7080    24
7140    24
7200    24
7260    25
7320    25
7380    25
7440    25
7500    24
7560    24
7620    25
7680    25
7740    24
7800    24
7860    24
7920    25
7980    25
8040    25
8100    24
8160    24
8220    25
8280    25
8340    25
8400    25
8460    25
8520    25
8580    25
8640    25
8700    25
8760    25
8820    25
8880    25
8940    24
9000    25
9060    25
9120    24
9180    23
9240    22
9300    22
9360    23
9420    24
9480    24
9540    24
9600    25
9660    25
9720    25
9780    24
9840    23
9900    25
9960    25
10020    25
10080    25
10140    24
10200    25
10260    25
10320    25
10380    25
10440    25
10500    24
10560    24
10620    25
10680    25
10740    25
10800    25
10860    25
10920    25
10980    24
11040    24
11100    24
11160    23
11220    23
11280    24
11340    24
11400    24
11460    25
11520    25
11580    25
11640    25
11700    25
11760    25
11820    25
11880    25
11940    25
12000    25
12060    25
12120    25
12180    25
12240    24
12300    24
12360    24
12420    24
12480    25
12540    25
12600    25
12660    25
12720    24
12780    24
12840    24
12900    24
12960    24
13020    24
13080    24
13140    24
13200    24
13260    24
13320    24
13380    24
13440    24
13500    24
13560    24
13620    24
13680    24
13740    24
13800    24
13860    24
13920    24
13980    23
14040    24
14100    24
14160    25
14220    25
14280    25
14340    25
14400    25
14460    25
14520    25
14580    25
14640    25
14700    25
14760    24
14820    24
14880    23
14940    22
15000    23
15060    25
15120    24
15180    25
15240    25
15300    25
15360    25
15420    25
15480    25
15540    25
15600    25
15660    25
15720    25
15780    25
15840    25
15900    25
15960    25
16020    25
16080    25
16140    25
16200    25
16260    24
16320    24
16380    24
16440    23
16500    23
16560    24
16620    24
16680    25
16740    25
16800    25
16860    25
16920    25
16980    24
17040    25
17100    25
17160    25
17220    25
17280    25
17340    25
17400    25
17460    25
17520    25
17580    25
17640    25
17700    25
17760    25
17820    25
17880    25
17940    25
18000    25
18060    24
18120    25
18180    25
18240    25
18300    25
18360    25
18420    25
18480    25
18540    25
18600    25
18660    25
18720    25
18780    24
18840    24
18900    25
18960    25
19020    25
19080    25
19140    25
19200    25
19260    25
19320    25
19380    25
19440    25
19500    25
19560    25
19620    25
19680    25
19740    25
19800    25
19860    25
19920    25
19980    25
20040    25
20100    25
20160    25
20220    25
20280    25
20340    25
20400    25
20460    25
20520    25
20580    25
20640    25
20700    25
20760    25
20820    25
20880    25
20940    25
21000    25
21060    25
21120    25
21180    25
21240    25
21300    25
21360    25
21420    25
21480    25
21540    25
21600    24
21660    24
21720    24
21780    24
21840    24
21900    24
21960    24
22020    24
22080    25
22140    25
22200    25
22260    25
22320    25
22380    25
22440    25
22500    25
22560    25
22620    25
22680    25
22740    25
22800    25
22860    24
22920    25
22980    24
23040    23
23100    24
23160    25
23220    25
23280    25
23340    25
23400    25
23460    25
23520    25
23580    25
23640    25
23700    25
23760    25
23820    25
23880    25
23940    25
24000    25
24060    25
24120    25
24180    25
24240    25
24300    25
24360    25
24420    25
24480    25
24540    25
24600    25
24660    25
24720    25
24780    25
24840    25
24900    25
24960    25
25020    25
25080    25
25140    25
25200    25
25260    25
25320    25
25380    25
25440    25
25500    25
25560    25
25620    25
25680    25
25740    25
25800    25
25860    25
25920    25
25980    25
26040    25
26100    25
26160    25
26220    25
26280    25
26340    25
26400    25
26460    25
26520    25
26580    25
26640    25
26700    25
26760    24
26820    25
26880    25
26940    25
27000    25
27060    25
27120    25
27180    25
27240    25
27300    25
27360    25
27420    25
27480    25
27540    24
27600    24
27660    24
27720    24
27780    25
27840    25
27900    25
27960    25
28020    25
28080    25
28140    25
28200    25
28260    25
28320    25
28380    25
28440    25
28500    25
28560    25
28620    25
28680    25
28740    25
28800    25
28860    25
28920    23
28980    24
29040    24
29100    25
29160    25
29220    25
29280    25
29340    25
29400    25
29460    25
29520    25
29580    25
29640    25
29700    25
29760    25
29820    25
29880    25
29940    25
30000    25
30060    25
30120    25
30180    24
30240    25
30300    25
30360    25
30420    25
30480    25
30540    25
30600    25
30660    25
30720    24
30780    23
30840    24
30900    24
30960    24
31020    24
31080    25
31140    25
31200    25
31260    25
31320    25
31380    25
31440    25
31500    25
31560    25
31620    25
31680    25
31740    25
31800    25
31860    25
31920    25
31980    25
32040    25
32100    25
32160    25
32220    25
32280    25
32340    25
32400    25
32460    24
32520    25
32580    25
32640    25
32700    25
32760    25
32820    25
32880    25
32940    25
33000    25
33060    25
33120    25
33180    25
33240    25
33300    25
33360    25
33420    25
33480    25
33540    25
33600    25
33660    25
33720    25
33780    25
33840    25
33900    25
33960    25
34020    25
34080    25
34140    25
34200    25
34260    25
34320    25
34380    25
34440    24
34500    25
34560    25
34620    25
34680    25
34740    25
34800    25
34860    25
34920    25
34980    24
35040    25
35100    25
35160    25
35220    25
35280    25
35340    24
35400    25
35460    25
35520    25
35580    25
35640    25
35700    25
35760    25
35820    25
35880    25
35940    25
36000    25
36060    25
36120    24
36180    25
36240    25
36300    25
36360    25
36420    25
36480    25
36540    25
36600    25
36660    24
36720    24
36780    24
36840    24
36900    24
36960    24
37020    23
37080    25
37140    25
37200    25
37260    25
37320    25
37380    25
37440    25
37500    25
37560    25
37620    25
37680    25
37740    25
37800    25
37860    25
37920    25
37980    25
38040    25
38100    25
38160    25
38220    25
38280    25
38340    25
38400    25
38460    25
38520    25
38580    25
38640    25
38700    25
38760    25
38820    25
38880    25
38940    25
39000    25
39060    25
39120    24
39180    24
39240    24
39300    24
39360    24
39420    24
39480    24
39540    24
39600    24
39660    25
39720    25
39780    25
39840    25
39900    25
39960    25
40020    25
40080    25
40140    25
40200    25
40260    25
40320    25
40380    25
40440    25
40500    25
40560    25
40620    25
40680    25
40740    25
40800    25
40860    25
40920    25
40980    25
41040    25
41100    25
41160    25
41220    25
41280    25
41340    25
41400    25
41460    25
41520    25
41580    25
41640    25
41700    24
41760    24
41820    24
41880    24
41940    25
42000    24
42060    24
42120    25
42180    25
42240    25
42300    25
42360    25
42420    25
42480    25
42540    25
42600    24
42660    24
42720    25
42780    25
42840    25
42900    25
42960    25
43020    25
43080    25
43140    24
43200    24
43260    24
43320    24
43380    25
43440    25
43500    25
43560    25
43620    25
43680    25
43740    25
43800    25
43860    25
43920    25
43980    25
44040    25
44100    25
44160    25
44220    25
44280    25
44340    25
44400    25
44460    25
44520    25
44580    25
44640    25
44700    25
44760    25
44820    25
44880    25
44940    25
45000    25
45060    25
45120    25
45180    25
45240    25
45300    25
45360    25
45420    25
45480    25
45540    25
45600    25
45660    25
45720    25
45780    25
45840    25
45900    25
45960    25
46020    25
46080    25
46140    25
46200    25
46260    25
46320    25
46380    25
46440    25
46500    25
46560    25
46620    25
46680    25
46740    25
46800    25
46860    25
46920    25
46980    25
47040    25
47100    25
47160    24
47220    25
47280    25
47340    25
47400    25
47460    25
47520    25
47580    25
47640    25
47700    25
47760    24
47820    25
47880    25
47940    25
48000    25
48060    25
48120    25
48180    25
48240    24
48300    24
48360    24
48420    24
48480    24
48540    24
48600    24
48660    24
48720    25
48780    25
48840    25
48900    25
48960    25
49020    25
49080    25
49140    25
49200    25
49260    25
49320    25
49380    25
49440    25
49500    25
49560    25
49620    25
49680    25
49740    25
49800    25
49860    25
49920    25
49980    25
50040    25
50100    25
50160    25
50220    25
50280    25
50340    25
50400    25
50460    25
50520    25
50580    25
50640    25
50700    25
50760    25
50820    25
50880    25
50940    25
51000    25
51060    25
51120    25
51180    25
51240    25
51300    25
51360    25
51420    25
51480    25
51540    25
51600    25
51660    24
51720    24
51780    24
51840    24
51900    24
51960    24
52020    24
52080    25
52140    25
52200    25
52260    25
52320    25
52380    25
52440    25
52500    25
52560    25
52620    25
52680    25
52740    25
52800    25
52860    25
52920    25
52980    25
53040    25
53100    25
53160    25
53220    25
53280    25
53340    25
53400    25
53460    25
53520    25
53580    25
53640    25
53700    25
53760    25
53820    25
53880    25
53940    25
54000    25
54060    25
54120    25
54180    25
54240    25
54300    25
54360    25
54420    25
54480    25
54540    25
54600    25
54660    25
54720    25
54780    25
54840    25
54900    25
54960    25
55020    25
55080    25
55140    25
55200    25
55260    25
55320    25
55380    25
55440    25
55500    25
55560    25
55620    25
55680    25
55740    25
55800    25
55860    25
55920    25
55980    25
56040    25
56100    25
56160    25
56220    25
56280    25
56340    25
56400    25
56460    25
56520    25
56580    25
56640    25
56700    25
56760    25
56820    25
56880    25
56940    25
57000    25
57060    25
57120    25
57180    25
57240    25
57300    25
57360    25
57420    25
57480    25
57540    25
57600    25
57660    25
57720    25
57780    25
57840    25
57900    25
57960    25
58020    25
58080    25
58140    25
58200    25
58260    25
58320    25
58380    25
58440    25
58500    25
58560    25
58620    25
58680    25
58740    25
58800    25
58860    25
58920    25
58980    25
59040    25
59100    25
59160    25
59220    25
59280    25
59340    25
59400    25
59460    25
59520    25
59580    25
59640    25
59700    25
59760    25
59820    25
59880    25
59940    25
60000    25
60060    25
60120    25
60180    25
60240    25
60300    25
60360    25
60420    25
60480    25
60540    25
60600    25
60660    25
60720    25
60780    25
60840    25
60900    25
60960    25
61020    25
61080    25
61140    25
61200    25
61260    25
61320    25
61380    25
61440    25
61500    25
61560    25
61620    25
61680    25
61740    25
61800    25
61860    25
61920    25
61980    25
62040    25
62100    25
62160    25
62220    25
62280    25
62340    25
62400    25
62460    25
62520    25
62580    25
62640    25
62700    25
62760    25
62820    25
62880    25
62940    25
63000    25
63060    25
63120    25
63180    25
63240    25
63300    25
63360    25
63420    25
63480    25
63540    25
63600    25
63660    25
63720    25
63780    25
63840    25
63900    25
63960    25
64020    25
64080    25
64140    25
64200    25
64260    25
64320    25
64380    25
64440    25
64500    25
64560    25
64620    25
64680    25
64740    25
64800    25
64860    25
64920    25
64980    25
65040    25
65100    25
65160    25
65220    25
65280    25
65340    25
65400    25
65460    25
65520    25
65580    25
65640    25
65700    25
65760    25
65820    25
65880    25
65940    25
66000    25
66060    25
66120    25
66180    25
66240    25
66300    25
66360    25
66420    25
66480    25
66540    25
66600    25
66660    24
66720    25
66780    25
66840    25
66900    25
66960    25
67020    25
67080    25
67140    25
67200    25
67260    25
67320    25
67380    25
67440    25
67500    25
67560    25
67620    25
67680    25
67740    25
67800    25
67860    25
67920    25
67980    25
68040    24
68100    25
68160    25
68220    24
68280    25
68340    25
68400    25
68460    25
68520    25
68580    25
68640    25
68700    25
68760    25
68820    25
68880    25
68940    25
69000    25
69060    25
69120    25
69180    25
69240    25
69300    25
69360    25
69420    25
69480    25
69540    25
69600    25
69660    25
69720    25
69780    25
69840    25
69900    25
69960    25
70020    25
70080    25
70140    25
70200    25
70260    25
70320    24
70380    24
70440    24
70500    24
70560    24
70620    24
70680    24
70740    24
70800    24
70860    24
70920    24
70980    24
71040    24
71100    24
71160    24
71220    24
71280    24
71340    24
71400    24
71460    24
71520    24
71580    24
71640    24
71700    24
71760    24
71820    25
71880    25
71940    25
72000    25
72060    25
72120    25
72180    25
72240    25
72300    25
72360    25
72420    25
72480    25
72540    25
72600    25
72660    25
72720    25
72780    25
72840    25
72900    25
72960    25
73020    25
73080    25
73140    25
73200    25
73260    25
73320    25
73380    25
73440    25
73500    25
73560    25
73620    25
73680    25
73740    25
73800    25
73860    25
73920    25
73980    25
74040    25
74100    25
74160    25
74220    25
74280    25
74340    25
74400    25
74460    25
74520    25
74580    25
74640    25
74700    25
74760    25
74820    24
74880    25
74940    25
75000    25
75060    25
75120    25
75180    25
75240    25
75300    25
75360    25
75420    25
75480    25
75540    25
75600    25
75660    25
75720    25
75780    25
75840    25
75900    25
75960    25
76020    25
76080    25
76140    25
76200    25
76260    25
76320    25
76380    25
76440    25
76500    25
76560    25
76620    25
76680    25
76740    25
76800    25
76860    25
76920    25
76980    25
77040    25
77100    25
77160    25
77220    25
77280    25
77340    25
77400    25
77460    25
77520    25
77580    25
77640    25
77700    25
77760    25
77820    25
77880    25
77940    25
78000    25
78060    25
78120    25
78180    25
78240    25
78300    25
78360    25
78420    25
78480    25
78540    25
78600    25
78660    25
78720    25
78780    25
78840    25
78900    25
78960    25
79020    25
79080    25
79140    25
79200    25
79260    25
79320    25
79380    25
79440    25
79500    25
79560    25
79620    25
79680    25
79740    25
79800    25
79860    25
79920    25
79980    25
80040    25
80100    25
80160    25
80220    25
80280    25
80340    25
80400    25
80460    25
80520    25
80580    25
80640    25
80700    24
80760    25
80820    25
80880    25
80940    25
81000    25
81060    25
81120    25
81180    25
81240    25
81300    25
81360    25
81420    25
81480    25
81540    25
81600    25
81660    25
81720    25
81780    25
81840    25
81900    25
81960    25
82020    25
82080    25
82140    25
82200    25
82260    25
82320    25
82380    25
82440    25
82500    25
82560    25
82620    25
82680    25
82740    25
82800    25
82860    25
82920    25
82980    25
83040    25
83100    25
83160    25
83220    25
83280    25
83340    25
83400    25
83460    25
83520    25
83580    25
83640    25
83700    25
83760    25
83820    25
83880    25
83940    25
84000    25
84060    25
84120    25
84180    25
84240    25
84300    24
84360    24
84420    25
84480    25
84540    23
84600    24
84660    25
84720    25
84780    25
84840    25
84900    25
84960    25
85020    25
85080    25
85140    25
85200    25
85260    25
85320    25
85380    25
85440    25
85500    25
85560    25
85620    25
85680    25
85740    25
85800    25
85860    25
85920    25
85980    25
86040    25
86100    25
86160    25
86220    25
86280    25
86340    25
86400    25
86460    25
86520    25
86580    25
86640    25
86700    25
86760    25
86820    25
86880    25
86940    25
87000    25
87060    25
87120    25
87180    24
87240    25
87300    25
87360    25
87420    25
87480    25
87540    25
87600    25
87660    25
87720    25
87780    25
87840    25
87900    25
87960    25
88020    25
88080    25
88140    25
88200    25
88260    25
88320    25
88380    25
88440    25
88500    25
88560    25
88620    25
88680    25
88740    25
88800    25
88860    25
88920    25
88980    25
89040    25
89100    25
89160    25
89220    25
89280    25
89340    25
89400    25
89460    25
89520    25
89580    25
89640    25
89700    25
89760    25
89820    25
89880    25
89940    25
90000    25
90060    25
90120    25
90180    25
90240    25
90300    25
90360    25
90420    25
90480    25
90540    25
90600    24
90660    24
90720    25
90780    25
90840    25
90900    25
90960    25
91020    25
91080    25
91140    25
91200    25
91260    25
91320    25
91380    25
91440    25
91500    25
91560    25
91620    25
91680    25
91740    25
91800    25
91860    24
91920    25
91980    25
92040    25
92100    24
92160    25
92220    25
92280    25
92340    25
92400    25
92460    25
92520    25
92580    25
92640    25
92700    25
92760    25
92820    25
92880    25
92940    25
93000    25
93060    25
93120    25
93180    25
93240    25
93300    25
93360    25
93420    25
93480    25
93540    25
93600    25
93660    25
93720    25
93780    25
93840    25
93900    25
93960    25
94020    25
94080    25
94140    25
94200    25
94260    25
94320    25
94380    25
94440    25
94500    25
94560    25
94620    25
94680    25
94740    25
94800    25
94860    25
94920    25
94980    25
95040    25
95100    25
95160    25
95220    25
95280    25
95340    25
95400    25
95460    25
95520    25
95580    25
95640    25
95700    25
95760    25
95820    25
95880    25
95940    25
96000    25
96060    25
96120    25
96180    25
96240    25
96300    25
96360    25
96420    25
96480    25
96540    25
96600    25
96660    25
96720    25
96780    25
96840    25
96900    25
96960    25
97020    25
97080    25
97140    25
97200    25
97260    25
97320    25
97380    25
97440    25
97500    25
97560    25
97620    25
97680    25
97740    25
97800    25
97860    25
97920    25
97980    24
98040    25
98100    25
98160    25
98220    25
98280    25
98340    25
98400    25
98460    25
98520    25
98580    25
98640    25
98700    25
98760    25
98820    25
98880    25
98940    25
99000    25
99060    25
99120    25
99180    25
99240    25
99300    25
99360    25
99420    25
99480    25
99540    25
99600    25
99660    25
99720    25
99780    25
99840    25
99900    25
99960    25
100020    25
100080    25
100140    25
100200    25
100260    25
100320    25
100380    25
100440    25
100500    25
100560    25
100620    25
100680    25
100740    25
100800    25
100860    25
100920    25
100980    25
101040    25
101100    25
101160    25
101220    25
101280    25
101340    25
101400    25
101460    25
101520    25
101580    25
101640    25
101700    25
101760    25
101820    25
101880    25
101940    25
102000    25
102060    25
102120    25
102180    25
102240    25
102300    25
102360    25
102420    25
102480    25
102540    25
102600    25
102660    25
102720    25
102780    25
102840    25
102900    25
102960    25
103020    25
103080    25
103140    25
103200    25
103260    25
103320    25
103380    25
103440    25
103500    25
103560    25
103620    25
103680    25
103740    25
103800    25
103860    25
103920    25
103980    25
104040    25
104100    25
104160    25
104220    25
104280    25
104340    25
104400    25
104460    25
104520    25
104580    25
104640    25
104700    25
104760    25
104820    25
104880    25
104940    25
105000    25
105060    25
105120    25
105180    25
105240    25
105300    25
105360    25
105420    25
105480    25
105540    25
105600    25
105660    25
105720    25
105780    25
105840    25
105900    25
105960    25
106020    25
106080    25
106140    25
106200    25
106260    25
106320    24
106380    25
106440    25
106500    25
106560    25
106620    25
106680    25
106740    25
106800    25
106860    25
106920    25
106980    25
107040    25
107100    25
107160    25
107220    25
107280    25
107340    25
107400    25
107460    25
107520    25
107580    25
107640    25
107700    25
107760    25
107820    25
107880    24
107940    25
108000    25
108060    25
108120    25
108180    25
108240    25
108300    25
108360    25
108420    25
108480    25
108540    25
108600    25
108660    25
108720    25
108780    25
108840    25
108900    25
108960    25
109020    25
109080    25
109140    25
109200    25
109260    25
109320    25
109380    25
109440    25
109500    25
109560    25
109620    25
109680    25
109740    25
109800    25
109860    25
109920    25
109980    25
110040    25
110100    25
110160    25
110220    25
110280    25
110340    25
110400    25
110460    25
110520    25
110580    25
110640    25
110700    25
110760    25
110820    25
110880    25
110940    25
111000    25
111060    25
111120    25
111180    25
111240    25
111300    25
111360    25
111420    25
111480    25
111540    25
111600    25
111660    25
111720    25
111780    25
111840    25
111900    25
111960    25
112020    25
112080    25
112140    25
112200    25
112260    25
112320    25
112380    25
112440    25
112500    25
112560    25
112620    25
112680    25
112740    25
112800    25
112860    25
112920    25
112980    25
113040    25
113100    25
113160    25
113220    25
113280    25
113340    25
113400    25
113460    25
113520    25
113580    25
113640    25
113700    25
113760    25
113820    25
113880    25
113940    25
114000    25
114060    25
114120    25
114180    25
114240    25
114300    25
114360    25
114420    25
114480    25
114540    25
114600    25
114660    25
114720    25
114780    25
114840    25
114900    25
114960    25
115020    25
115080    25
115140    25
115200    25
115260    25
115320    25
115380    25
115440    25
115500    25
115560    25
115620    25
115680    25
115740    25
115800    25
115860    25
115920    25
115980    25
116040    25
116100    25
116160    25
116220    25
116280    25
116340    25
116400    25
116460    25
116520    25
116580    25
116640    25
116700    25
116760    25
116820    25
116880    25
116940    25
117000    25
117060    25
117120    25
117180    25
117240    25
117300    25
117360    25
117420    25
117480    25
117540    25
117600    25
117660    25
117720    25
117780    25
117840    25
117900    25
117960    25
118020    25
118080    25
118140    25
118200    25
118260    25
118320    25
118380    24
118440    25
118500    25
118560    25
118620    25
118680    25
118740    25
118800    25
118860    25
118920    25
118980    25
119040    25
119100    25
119160    25
119220    25
119280    25
119340    24
119400    25
119460    25
119520    25
119580    25
119640    25
119700    25
119760    25
119820    25
119880    25
119940    25
120000    25
120060    25
120120    25
120180    25
120240    25
120300    25
120360    25
120420    25
120480    25
120540    25
120600    24
120660    24
120720    25
120780    25
120840    25
120900    25
120960    25
121020    25
121080    25
121140    25
121200    25
121260    25
121320    25
121380    25
121440    25
121500    25
121560    25
121620    25
121680    25
121740    25
121800    25
121860    25
121920    25
121980    25
122040    25
122100    25
122160    25
122220    25
122280    25
122340    25
122400    25
122460    25
122520    25
122580    25
122640    25
122700    25
122760    25
122820    25
122880    25
122940    24
123000    24
123060    24
123120    25
123180    25
123240    25
123300    25
123360    25
123420    25
123480    25
123540    25
123600    25
123660    25
123720    25
123780    25
123840    25
123900    25
123960    25
124020    25
124080    25
124140    25
124200    25
124260    25
124320    25
124380    25
124440    25
124500    25
124560    25
124620    25
124680    25
124740    25
124800    25
124860    25
124920    25
124980    25
125040    25
125100    25
125160    25
125220    25
125280    25
125340    25
125400    25
125460    25
125520    25
125580    25
125640    25
125700    25
125760    25
125820    25
125880    25
125940    25
126000    25
126060    25
126120    25
126180    25
126240    24
126300    25
126360    25
126420    25
126480    24
126540    24
126600    24
126660    24
126720    24
126780    24
126840    24
126900    25
126960    25
127020    25
127080    25
127140    25
127200    25
127260    25
127320    25
127380    25
127440    25
127500    25
127560    25
127620    25
127680    25
127740    25
127800    25
127860    25
127920    25
127980    25
128040    25
128100    25
128160    25
128220    25
128280    25
128340    25
128400    25
128460    25
128520    25
128580    25
128640    25
128700    25
128760    25
128820    25
128880    25
128940    25
129000    25
129060    25
129120    25
129180    25
129240    25
129300    25
129360    25
129420    25
129480    25
129540    25
129600    25
129660    25
129720    25
129780    25
129840    25
129900    25
129960    25
130020    25
130080    25
130140    25
130200    25
130260    25
130320    25
130380    25
130440    25
130500    25
130560    25
130620    25
130680    25
130740    25
130800    25
130860    25
130920    25
130980    25
131040    25
131100    25
131160    25
131220    25
131280    25
131340    25
131400    25
131460    25
131520    25
131580    25
131640    25
131700    25
131760    25
131820    25
131880    25
131940    25
132000    25
132060    25
132120    25
132180    25
132240    25
132300    25
132360    25
132420    25
132480    25
132540    25
132600    25
132660    25
132720    25
132780    25
132840    25
132900    25
132960    25
133020    25
133080    25
133140    25
133200    25
133260    25
133320    25
133380    25
133440    25
133500    25
133560    25
133620    25
133680    25
133740    25
133800    25
133860    25
133920    25
133980    25
134040    25
134100    25
134160    25
134220    25
134280    25
134340    25
134400    25
134460    25
134520    25
134580    25
134640    25
134700    25
134760    25
134820    25
134880    25
134940    25
135000    25
135060    25
135120    25
135180    25
135240    25
135300    25
135360    25
135420    25
135480    25
135540    25
135600    25
135660    25
135720    24
135780    25
135840    25
135900    25
135960    25
136020    25
136080    25
136140    24
136200    25
136260    25
136320    25
136380    25
136440    25
136500    25
136560    25
136620    25
136680    25
136740    25
136800    25
136860    25
136920    25
136980    25
137040    25
137100    25
137160    25
137220    25
137280    25
137340    25
137400    25
137460    25
137520    25
137580    25
137640    25
137700    25
137760    25
137820    25
137880    25
137940    25
138000    25
138060    25
138120    25
138180    25
138240    25
138300    25
138360    25
138420    25
138480    25
138540    25
138600    25
138660    25
138720    25
138780    25
138840    25
138900    25
138960    25
139020    25
139080    25
139140    25
139200    25
139260    25
139320    25
139380    25
139440    25
139500    25
139560    25
139620    25
139680    25
139740    25
139800    25
139860    25
139920    25
139980    25
140040    25
140100    25
140160    25
140220    25
140280    25
140340    25
140400    25
140460    25
140520    25
140580    25
140640    25
140700    25
140760    25
140820    25
140880    25
140940    25
141000    25
141060    25
141120    25
141180    25
141240    25
141300    25
141360    25
141420    25
141480    25
141540    25
141600    25
141660    25
141720    25
141780    25
141840    25
141900    25
141960    25
142020    25
142080    25
142140    25
142200    25
142260    25
142320    25
142380    25
142440    25
142500    25
142560    25
142620    25
142680    25
142740    25
142800    25
142860    25
142920    25
142980    25
143040    25
143100    25
143160    25
143220    25
143280    25
143340    25
143400    25
143460    25
143520    25
143580    25
143640    25
143700    25
143760    25
143820    25
143880    25
143940    25
144000    25
144060    25
144120    25
144180    25
144240    25
144300    25
144360    25
144420    25
144480    25
144540    25
144600    25
144660    25
144720    25
144780    25
144840    25
144900    25
144960    25
145020    25
145080    25
145140    25
145200    25
145260    25
145320    25
145380    25
145440    25
145500    25
145560    25
145620    25
145680    25
145740    25
145800    25
145860    25
145920    25
145980    25
146040    25
146100    25
146160    25
146220    25
146280    25
146340    25
146400    25
146460    25
146520    25
146580    25
146640    25
146700    25
146760    25
146820    25
146880    25
146940    25
147000    25
147060    25
147120    25
147180    25
147240    25
147300    25
147360    25
147420    25
147480    25
147540    25
147600    25
147660    25
147720    25
147780    25
147840    25
147900    25
147960    25
148020    25
148080    25
148140    25
148200    25
148260    25
148320    25
148380    25
148440    25
148500    25
148560    25
148620    25
148680    25
148740    24
148800    25
148860    25
148920    25
148980    25
149040    25
149100    25
149160    25
149220    25
149280    25
149340    25
149400    25
149460    25
149520    25
149580    25
149640    25
149700    25
149760    25
149820    25
149880    25
149940    25
150000    25
150060    25
150120    25
150180    25
150240    25
150300    25
150360    25
150420    25
150480    25
150540    25
150600    25
150660    25
150720    25
150780    25
150840    25
150900    25
150960    25
151020    25
151080    25
151140    25
151200    25
151260    25
151320    25
151380    25
151440    25
151500    25
151560    25
151620    25
151680    25
151740    25
151800    25
151860    25
151920    25
151980    25
152040    25
152100    25
152160    25
152220    25
152280    25
152340    25
152400    25
152460    25
152520    25
152580    25
152640    25
152700    25
152760    25
152820    25
152880    25
152940    25
153000    25
153060    25
153120    25
153180    25
153240    25
153300    25
153360    25
153420    25
153480    25
153540    25
153600    25
153660    25
153720    25
153780    25
153840    25
153900    25
153960    25
154020    25
154080    25
154140    25
154200    25
154260    25
154320    25
154380    25
154440    25
154500    25
154560    25
154620    25
154680    25
154740    25
154800    25
154860    25
154920    25
154980    25
155040    25
155100    25
155160    25
155220    25
155280    25
155340    25
155400    25
155460    25
155520    25
155580    25
155640    25
155700    25
155760    25
155820    25
155880    25
155940    25
156000    25
156060    25
156120    25
156180    25
156240    25
156300    25
156360    25
156420    25
156480    25
156540    25
156600    25
156660    25
156720    25
156780    25
156840    25
156900    25
156960    25
157020    25
157080    25
157140    25
157200    25
157260    25
157320    25
157380    25
157440    25
157500    25
157560    25
157620    25
157680    25
157740    25
157800    25
157860    25
157920    25
157980    25
158040    25
158100    25
158160    25
158220    25
158280    25
158340    25
158400    25
158460    25
158520    25
158580    25
158640    25
158700    25
158760    25
158820    25
158880    25
158940    25
159000    25
159060    25
159120    25
159180    25
159240    25
159300    25
159360    25
159420    25
159480    25
159540    25
159600    25
159660    25
159720    25
159780    25
159840    25
159900    25
159960    25
160020    25
160080    25
160140    25
160200    25
160260    25
160320    25
160380    25
160440    25
160500    25
160560    25
160620    25
160680    25
160740    25
160800    25
160860    25
160920    25
160980    25
161040    25
161100    25
161160    25
161220    25
161280    25
161340    25
161400    25
161460    25
161520    25
161580    25
161640    25
161700    25
161760    25
161820    25
161880    25
161940    25
162000    25
162060    25
162120    25
162180    25
162240    25
162300    25
162360    25
162420    25
162480    25
162540    25
162600    25
162660    25
162720    25
162780    25
162840    25
162900    25
162960    25
163020    25
163080    25
163140    25
163200    25
163260    25
163320    25
163380    25
163440    25
163500    25
163560    25
163620    25
163680    25
163740    25
163800    25
163860    25
163920    25
163980    25
164040    25
164100    25
164160    25
164220    25
164280    25
164340    25
164400    25
164460    25
164520    25
164580    25
164640    25
164700    25
164760    25
164820    25
164880    25
164940    25
165000    25
165060    25
165120    25
165180    25
165240    25
165300    25
165360    25
165420    25
165480    25
165540    25
165600    25
165660    25
165720    25
165780    25
165840    25
165900    25
165960    25
166020    25
166080    25
166140    25
166200    25
166260    25
166320    24
166380    24
166440    24
166500    24
166560    25
166620    25
166680    25
166740    25
166800    25
166860    25
166920    25
166980    25
167040    25
167100    25
167160    25
167220    25
167280    25
167340    25
167400    25
167460    25
167520    25
167580    25
167640    25
167700    25
167760    25
167820    25
167880    25
167940    25
168000    25
168060    25
168120    25
168180    25
168240    25
168300    25
168360    25
168420    25
168480    25
168540    25
168600    25
168660    25
168720    25
168780    25
168840    25
168900    25
168960    25
169020    25
169080    25
169140    25
169200    25
169260    25
169320    25
169380    25
169440    25
169500    25
169560    25
169620    25
169680    25
169740    25
169800    25
169860    25
169920    25
169980    25
170040    25
170100    25
170160    25
170220    25
170280    25
170340    25
170400    25
170460    25
170520    25
170580    25
170640    25
170700    25
170760    25
170820    25
170880    25
170940    25
171000    25
171060    25
171120    25
171180    25
171240    25
171300    25
171360    25
171420    25
171480    25
171540    25
171600    25
171660    25
171720    25
171780    25
171840    25
171900    25
171960    25
172020    25
172080    25
172140    25
172200    25
172260    25
172320    25
172380    25
172440    25
172500    25
172560    25
172620    25
172680    25
172740    25
172800    25
172860    25
172920    25
172980    25
173040    25
173100    25
173160    25
173220    25
173280    25
173340    25
173400    25
173460    25
173520    25
173580    25
173640    25
173700    25
173760    25
173820    25
173880    25
173940    25
174000    25
174060    25
174120    25
174180    25
174240    25
174300    25
174360    25
174420    25
174480    25
174540    25
174600    25
174660    25
174720    25
174780    25
174840    25
174900    24
174960    24
175020    25
175080    25
175140    25
175200    25
175260    25
175320    25
175380    25
175440    25
175500    25
175560    25
175620    25
175680    25
175740    25
175800    25
175860    25
175920    25
175980    25
176040    25
176100    25
176160    25
176220    25
176280    25
176340    25
176400    25
176460    25
176520    25
176580    25
176640    25
176700    25
176760    25
176820    25
176880    25
176940    25
177000    25
177060    25
177120    25
177180    25
177240    25
177300    25
177360    25
177420    25
177480    25
177540    25
177600    25
177660    25
177720    25
177780    25
177840    25
177900    25
177960    25
178020    25
178080    25
178140    25
178200    25
178260    25
178320    25
178380    25
178440    25
178500    25
178560    25
178620    25
178680    25
178740    25
178800    25
178860    25
178920    25
178980    25
179040    25
179100    25
179160    25
179220    25
179280    25
179340    25
179400    25
179460    25
179520    25
179580    25
179640    25
179700    25
179760    25
179820    25
179880    25
179940    25
180000    25
180060    25
180120    25
180180    25
180240    25
180300    25
180360    25
180420    25
180480    25
180540    25
180600    25
180660    25
180720    25
180780    25
180840    25
180900    25
180960    25
181020    25
181080    24
181140    24
181200    25
181260    25
181320    25
181380    25
181440    25
181500    25
181560    25
181620    25
181680    25
181740    25
181800    25
181860    25
181920    25
181980    25
182040    25
182100    25
182160    25
182220    25
182280    25
182340    25
182400    25
182460    25
182520    25
182580    25
182640    25
182700    25
182760    25
182820    25
182880    25
182940    25
183000    25
183060    25
183120    25
183180    25
183240    25
183300    25
183360    25
183420    25
183480    25
183540    25
183600    25
183660    25
183720    25
183780    25
183840    25
183900    25
183960    25
184020    25
184080    25
184140    25
184200    25
184260    25
184320    25
184380    25
184440    25
184500    25
184560    25
184620    25
184680    25
184740    25
184800    25
184860    25
184920    25
184980    25
185040    25
185100    25
185160    25
185220    25
185280    25
185340    25
185400    25
185460    25
185520    25
185580    25
185640    25
185700    25
185760    25
185820    25
185880    25
185940    25
186000    25
186060    25
186120    25
186180    25
186240    25
186300    25
186360    25
186420    25
186480    25
186540    25
186600    25
186660    25
186720    25
186780    25
186840    25
186900    25
186960    25
187020    25
187080    25
187140    25
187200    25
187260    25
187320    25
187380    25
187440    25
187500    25
187560    25
187620    25
187680    25
187740    25
187800    25
187860    25
187920    25
187980    25
188040    25
188100    25
188160    25
188220    25
188280    25
188340    25
188400    25
188460    25
188520    25
188580    25
188640    25
188700    25
188760    25
188820    25
188880    25
188940    25
189000    25
189060    25
189120    25
189180    25
189240    25
189300    25
189360    25
189420    25
189480    25
189540    25
189600    25
189660    25
189720    25
189780    25
189840    25
189900    25
189960    25
190020    25
190080    25
190140    25
190200    25
190260    25
190320    25
190380    25
190440    25
190500    25
190560    25
190620    25
190680    25
190740    25
190800    25
190860    25
190920    25
190980    25
191040    25
191100    25
191160    25
191220    25
191280    25
191340    25
191400    25
191460    25
191520    25
191580    25
191640    25
191700    25
191760    25
191820    25
191880    25
191940    25
192000    25
192060    25
192120    25
192180    25
192240    25
192300    25
192360    25
192420    25
192480    25
192540    25
192600    25
192660    25
192720    25
192780    25
192840    25
192900    25
192960    25
193020    25
193080    25
193140    25
193200    25
193260    25
193320    25
193380    25
193440    25
193500    25
193560    25
193620    25
193680    25
193740    25
193800    25
193860    25
193920    25
193980    25
194040    25
194100    25
194160    25
194220    25
194280    25
194340    25
194400    25
194460    25
194520    25
194580    25
194640    25
194700    25
194760    25
194820    25
194880    25
194940    25
195000    25
195060    25
195120    25
195180    25
195240    25
195300    25
195360    25
195420    25
195480    25
195540    25
195600    25
195660    25
195720    25
195780    25
195840    25
195900    25
195960    25
196020    25
196080    25
196140    25
196200    25
196260    25
196320    25
196380    25
196440    25
196500    25
196560    25
196620    25
196680    25
196740    25
196800    25
196860    25
196920    25
196980    25
197040    25
197100    25
197160    25
197220    25
197280    25
197340    25
197400    25
197460    25
197520    25
197580    25
197640    25
197700    25
197760    25
197820    25
197880    25
197940    25
198000    25
198060    25
198120    25
198180    25
198240    25
198300    25
198360    25
198420    25
198480    25
198540    25
198600    25
198660    25
198720    25
198780    25
198840    25
198900    25
198960    25
199020    25
199080    25
199140    25
199200    25
199260    25
199320    25
199380    25
199440    25
199500    25
199560    25
199620    25
199680    25
199740    25
199800    25
199860    25
199920    25
199980    25
200040    25
200100    25
200160    25
200220    25
200280    25
200340    25
200400    25
200460    25
200520    25
200580    25
200640    25
200700    25
200760    25
200820    25
200880    25
200940    25
201000    25
201060    25
201120    25
201180    25
201240    25
201300    25
201360    25
201420    25
201480    25
201540    25
201600    25
201660    25
201720    25
201780    25
201840    25
201900    25
201960    25
202020    25
202080    25
202140    25
202200    25
202260    25
202320    25
202380    25
202440    25
202500    25
202560    25
202620    25
202680    25
202740    25
202800    25
202860    25
202920    25
202980    25
203040    25
203100    25
203160    25
203220    25
203280    25
203340    25
203400    24
203460    24
203520    24
203580    25
203640    25
203700    25
203760    25
203820    25
203880    25
203940    25
204000    25
204060    25
204120    25
204180    25
204240    25
204300    25
204360    25
204420    25
204480    25
204540    25
204600    25
204660    25
204720    25
204780    25
204840    25
204900    25
204960    25
205020    25
205080    25
205140    25
205200    25
205260    25
205320    25
205380    25
205440    25
205500    25
205560    25
205620    25
205680    25
205740    25
205800    25
205860    25
205920    25
205980    25
206040    25
206100    25
206160    25
206220    25
206280    25
206340    25
206400    25
206460    25
206520    25
206580    25
206640    25
206700    25
206760    25
206820    25
206880    25
206940    25
207000    25
207060    25
207120    25
207180    25
207240    25
207300    25
207360    25
207420    25
207480    25
207540    25
207600    25
207660    25
207720    25
207780    25
207840    25
207900    25
207960    25
208020    25
208080    25
208140    25
208200    25
208260    25
208320    25
208380    25
208440    25
208500    25
208560    25
208620    25
208680    25
208740    25
208800    25
208860    25
208920    25
208980    25
209040    25
209100    25
209160    25
209220    25
209280    25
209340    25
209400    25
209460    25
209520    25
209580    25
209640    25
209700    25
209760    25
209820    25
209880    25
209940    25
210000    25
210060    25
210120    25
210180    25
210240    25
210300    25
210360    25
210420    25
210480    25
210540    25
210600    25
210660    25
210720    25
210780    25
210840    25
210900    25
210960    25
211020    25
211080    25
211140    25
211200    25
211260    25
211320    25
211380    25
211440    25
211500    25
211560    25
211620    25
211680    25
211740    25
211800    25
211860    25
211920    25
211980    25
212040    25
212100    25
212160    25
212220    25
212280    25
212340    25
212400    25
212460    25
212520    25
212580    25
212640    25
212700    25
212760    24
212820    25
212880    25
212940    25
213000    25
213060    25
213120    25
213180    25
213240    25
213300    25
213360    25
213420    25
213480    25
213540    25
213600    25
213660    25
213720    25
213780    25
213840    25
213900    25
213960    25
214020    25
214080    24
214140    25
214200    25
214260    25
214320    25
214380    25
214440    25
214500    25
214560    25
214620    25
214680    25
214740    25
214800    25
214860    25
214920    25
214980    25
215040    25
215100    25
215160    25
215220    25
215280    25
215340    25
215400    25
215460    25
215520    25
215580    25
215640    25
215700    25
215760    25
215820    25
215880    25
215940    25
216000    25
216060    25
216120    25
216180    25
216240    25
216300    25
216360    25
216420    25
216480    25
216540    25
216600    25
216660    25
216720    25
216780    25
216840    25
216900    25
216960    25
217020    25
217080    25
217140    25
217200    25
217260    25
217320    25
217380    25
217440    25
217500    25
217560    25
217620    25
217680    25
217740    25
217800    25
217860    25
217920    25
217980    25
218040    25
218100    25
218160    25
218220    25
218280    25
218340    25
218400    25
218460    25
218520    25
218580    25
218640    25
218700    25
218760    25
218820    25
218880    25
218940    25
219000    25
219060    25
219120    25
219180    25
219240    25
219300    25
219360    25
219420    25
219480    25
219540    25
219600    25
219660    25
219720    25
219780    25
219840    25
219900    25
219960    25
220020    25
220080    25
220140    25
220200    24
220260    25
220320    25
220380    25
220440    25
220500    25
220560    25
220620    25
220680    25
220740    25
220800    25
220860    25
220920    25
220980    25
221040    25
221100    25
221160    25
221220    25
221280    25
221340    25
221400    25
221460    25
221520    25
221580    25
221640    25
221700    25
221760    25
221820    25
221880    25
221940    25
222000    25
222060    25
222120    25
222180    25
222240    25
222300    25
222360    25
222420    25
222480    25
222540    25
222600    25
222660    25
222720    25
222780    25
222840    25
222900    25
222960    25
223020    25
223080    25
223140    25
223200    24
223260    25
223320    25
223380    25
223440    25
223500    25
223560    25
223620    25
223680    25
223740    25
223800    25
223860    25
223920    25
223980    25
224040    25
224100    25
224160    25
224220    25
224280    25
224340    25
224400    25
224460    25
224520    25
224580    25
224640    25
224700    25
224760    25
224820    25
224880    25
224940    25
225000    25
225060    25
225120    25
225180    25
225240    25
225300    25
225360    25
225420    25
225480    25
225540    25
225600    25
225660    25
225720    25
225780    25
225840    25
225900    25
225960    25
226020    25
226080    25
226140    25
226200    25
226260    25
226320    25
226380    25
226440    25
226500    25
226560    25
226620    25
226680    25
226740    25
226800    25
226860    25
226920    25
226980    25
227040    25
227100    25
227160    25
227220    25
227280    25
227340    25
227400    25
227460    25
227520    25
227580    25
227640    25
227700    25
227760    25
227820    25
227880    25
227940    25
228000    25
228060    25
228120    25
228180    25
228240    25
228300    25
228360    25
228420    25
228480    25
228540    25
228600    25
228660    25
228720    25
228780    25
228840    25
228900    25
228960    25
229020    25
229080    25
229140    25
229200    25
229260    25
229320    25
229380    25
229440    25
229500    25
229560    25
229620    25
229680    25
229740    25
229800    25
229860    25
229920    25
229980    25
230040    25
230100    25
230160    25
230220    25
230280    25
230340    25
230400    25
230460    25
230520    25
230580    25
230640    25
230700    25
230760    25
230820    25
230880    25
230940    25
231000    25
231060    25
231120    25
231180    25
231240    25
231300    25
231360    25
231420    25
231480    25
231540    25
231600    25
231660    25
231720    25
231780    25
231840    25
231900    25
231960    25
232020    25
232080    25
232140    25
232200    25
232260    25
232320    25
232380    25
232440    25
232500    25
232560    25
232620    25
232680    25
232740    25
232800    25
232860    25
232920    25
232980    25
233040    25
233100    25
233160    25
233220    25
233280    25
233340    25
233400    25
233460    25
233520    25
233580    25
233640    25
233700    25
233760    25
233820    25
233880    25
233940    25
234000    25
234060    25
234120    25
234180    25
234240    25
234300    25
234360    25
234420    25
234480    25
234540    25
234600    25
234660    25
234720    25
234780    25
234840    25
234900    25
234960    25
235020    25
235080    25
235140    25
235200    25
235260    25
235320    25
235380    25
235440    25
235500    25
235560    25
235620    25
235680    25
235740    25
235800    25
235860    25
235920    25
235980    24
236040    25
236100    25
236160    25
236220    25
236280    25
236340    25
236400    25
236460    25
236520    25
236580    25
236640    25
236700    25
236760    25
236820    25
236880    25
236940    25
237000    25
237060    25
237120    25
237180    25
237240    25
237300    25
237360    25
237420    25
237480    25
237540    25
237600    25
237660    25
237720    25
237780    25
237840    25
237900    25
237960    25
238020    25
238080    25
238140    25
238200    25
238260    25
238320    25
238380    25
238440    25
238500    25
238560    25
238620    25
238680    25
238740    25
238800    25
238860    25
238920    25
238980    25
239040    25
239100    25
239160    25
239220    25
239280    25
239340    25
239400    25
239460    25
239520    25
239580    25
239640    25
239700    25
239760    25
239820    25
239880    25
239940    25
240000    25
240060    25
240120    25
240180    25
240240    25
240300    25
240360    25
240420    25
240480    25
240540    25
240600    25
240660    25
240720    25
240780    25
240840    25
240900    25
240960    25
241020    25
241080    25
241140    25
241200    25
241260    25
241320    24
241380    25
241440    25
241500    25
241560    25
241620    25
241680    25
241740    25
241800    25
241860    25
241920    25
241980    25
242040    25
242100    25
242160    25
242220    25
242280    25
242340    25
242400    25
242460    25
242520    25
242580    25
242640    25
242700    25
242760    25
242820    25
242880    25
242940    25
243000    25
243060    25
243120    25
243180    25
243240    25
243300    25
243360    25
243420    25
243480    25
243540    25
243600    25
243660    25
243720    25
243780    25
243840    25
243900    25
243960    25
244020    25
244080    25
244140    25
244200    25
244260    25
244320    25
244380    25
244440    25
244500    25
244560    25
244620    25
244680    25
244740    25
244800    25
244860    25
244920    25
244980    25
245040    25
245100    25
245160    25
245220    25
245280    25
245340    25
245400    25
245460    25
245520    25
245580    25
245640    25
245700    25
245760    25
245820    25
245880    25
245940    25
246000    25
246060    25
246120    25
246180    25
246240    25
246300    25
246360    25
246420    25
246480    25
246540    25
246600    25
246660    25
246720    25
246780    25
246840    25
246900    25
246960    25
247020    25
247080    25
247140    25
247200    25
247260    25
247320    25
247380    25
247440    25
247500    25
247560    25
247620    25
247680    25
247740    25
247800    25
247860    25
247920    25
247980    25
248040    25
248100    25
248160    25
248220    25
248280    25
248340    25
248400    25
248460    25
248520    25
248580    25
248640    25
248700    25
248760    25
248820    25
248880    25
248940    25
249000    25
249060    25
249120    25
249180    25
249240    25
249300    25
249360    25
249420    25
249480    25
249540    25
249600    25
249660    25
249720    25
249780    25
249840    25
249900    25
249960    25
250020    25
250080    25
250140    25
250200    25
250260    25
250320    25
250380    25
250440    25
250500    25
250560    25
250620    25
250680    25
250740    25
250800    25
250860    25
250920    25
250980    25
251040    25
251100    25
251160    25
251220    25
251280    25
251340    25
251400    25
251460    25
251520    25
251580    25
251640    25
251700    25
251760    25
251820    25
251880    25
251940    25
252000    25
252060    25
252120    25
252180    25
252240    25
252300    25
252360    25
252420    25
252480    25
252540    25
252600    25
252660    25
252720    25
252780    25
252840    25
252900    25
252960    25
253020    25
253080    25
253140    25
253200    25
253260    25
253320    25
253380    25
253440    25
253500    25
253560    25
253620    25
253680    25
253740    25
253800    25
253860    25
253920    25
253980    25
254040    25
254100    25
254160    25
254220    25
254280    25
254340    25
254400    25
254460    25
254520    25
254580    25
254640    25
254700    25
254760    25
254820    25
254880    25
254940    25
255000    25
255060    25
255120    25
255180    25
255240    25
255300    25
255360    25
255420    25
255480    25
255540    25
255600    25
255660    25
255720    25
255780    25
255840    25
255900    25
255960    25
256020    25
256080    25
256140    25
256200    25
256260    25
256320    25
256380    25
256440    25
256500    25
256560    25
256620    25
256680    25
256740    25
256800    25
256860    25
256920    25
256980    25
257040    25
257100    25
257160    25
257220    25
257280    25
257340    25
257400    25
257460    25
257520    25
257580    25
257640    25
257700    25
257760    25
257820    25
257880    25
257940    25
258000    25
258060    25
258120    25
258180    25
258240    25
258300    25
258360    25
258420    25
258480    25
258540    25
258600    25
258660    25
258720    25
258780    25
258840    25
258900    25
258960    25
259020    25
259080    25
259140    25
259200    25
259260    25
259320    25
259380    25
259440    25
259500    25
259560    25
259620    25
259680    25
259740    25
259800    25
259860    25
259920    25
259980    25
260040    25
260100    25
260160    25
260220    25
260280    25
260340    25
260400    25
260460    25
260520    25
260580    25
260640    25
260700    25
260760    25
260820    25
260880    25
260940    25
261000    25
261060    25
261120    25
261180    25
261240    25
261300    25
261360    25
261420    25
261480    25
261540    25
261600    25
261660    25
261720    25
261780    25
261840    25
261900    25
261960    25
262020    25
262080    25
262140    25
262200    25
262260    25
262320    25
262380    25
262440    25
262500    25
262560    25
262620    25
262680    25
262740    25
262800    25
262860    25
262920    25
262980    25
263040    25
263100    25
263160    25
263220    25
263280    25
263340    25
263400    25
263460    25
263520    25
263580    25
263640    25
263700    25
263760    25
263820    25
263880    25
263940    25
264000    25
264060    25
264120    25
264180    25
264240    25
264300    25
264360    25
264420    25
264480    25
264540    25
264600    25
264660    25
264720    25
264780    25
264840    25
264900    25
264960    25
265020    25
265080    25
265140    25
265200    25
265260    25
265320    25
265380    25
265440    25
265500    25
265560    25
265620    25
265680    25
265740    25
265800    25
265860    25
265920    25
265980    25
266040    25
266100    25
266160    25
266220    25
266280    25
266340    25
266400    25
266460    25
266520    25
266580    25
266640    25
266700    25
266760    25
266820    25
266880    25
266940    25
267000    25
267060    25
267120    25
267180    25
267240    25
267300    25
267360    25
267420    25
267480    25
267540    25
267600    25
267660    25
267720    25
267780    25
267840    25
267900    25
267960    25
268020    25
268080    25
268140    25
268200    25
268260    25
268320    25
268380    25
268440    25
268500    25
268560    25
268620    25
268680    25
268740    25
268800    25
268860    25
268920    25
268980    25
269040    25
269100    25
269160    25
269220    25
269280    25
269340    25
269400    25
269460    25
269520    25
269580    25
269640    25
269700    25
269760    25
269820    25
269880    25
269940    25
270000    25
270060    25
270120    25
270180    25
270240    25
270300    25
270360    25
270420    25
270480    25
270540    25
270600    25
270660    25
270720    25
270780    25
270840    25
270900    25
270960    25
271020    25
271080    25
271140    25
271200    25
271260    25
271320    25
271380    25
271440    25
271500    25
271560    25
271620    25
271680    25
271740    25
271800    25
271860    25
271920    25
271980    25
272040    25
272100    25
272160    25
272220    25
272280    25
272340    25
272400    25
272460    25
272520    25
272580    25
272640    25
272700    25
272760    25
272820    25
272880    25
272940    25
273000    25
273060    25
273120    25
273180    25
273240    25
273300    25
273360    25
273420    25
273480    25
273540    25
273600    25
273660    25
273720    25
273780    25
273840    25
273900    25
273960    25
274020    25
274080    25
274140    25
274200    25
274260    25
274320    25
274380    25
274440    25
274500    25
274560    25
274620    25
274680    25
274740    25
274800    25
274860    25
